2e+07	-3.11243e+08	4.61703e+07	2.31136e+10	1.05472e+11	-1.1077e+11	-1.01526e+11	1.92963e+11	-1.18754e+11	2.56519e+11	7.35125e+11	1.9302e+11	1.42105e+12	1.35884e+11	2.86777e+12	1.08639e+11	4.49869e+12
4e+07	-5.95095e+08	1.77083e+08	4.51326e+10	9.80057e+10	1.48657e+11	-1.37049e+10	-2.0471e+11	-9.89421e+10	4.84427e+11	6.09884e+11	3.82575e+11	1.38246e+12	2.71463e+11	2.85809e+12	2.17215e+11	4.49474e+12
6e+07	-8.2417e+08	3.80002e+08	6.50138e+10	8.59602e+10	-9.18685e+10	1.19151e+11	2.15241e+10	2.27225e+11	6.58391e+11	4.16845e+11	5.65257e+11	1.31895e+12	4.06433e+11	2.84198e+12	3.25664e+11	4.48818e+12
8e+07	-9.8139e+08	6.3563e+08	8.18444e+10	6.98816e+10	-2.74791e+10	-1.47155e+11	1.79526e+11	-1.36701e+11	7.59219e+11	1.77605e+11	7.37789e+11	1.23172e+12	5.40491e+11	2.81948e+12	4.33923e+11	4.47899e+12
1e+08	-1.0546e+09	9.15055e+08	9.48125e+10	5.052e+10	1.25834e+11	8.03978e+10	-2.14017e+11	-7.75978e+10	7.7595e+11	-8.12127e+10	8.97088e+11	1.12239e+12	6.73334e+11	2.79064e+12	5.41929e+11	4.46719e+12
1.2e+08	-1.04027e+09	1.19272e+09	1.03291e+11	2.87881e+10	-1.45664e+11	4.02273e+10	4.34573e+10	2.24735e+11	7.06981e+11	-3.30976e+11	1.04033e+12	9.92987e+11	8.04664e+11	2.75553e+12	6.49619e+11	4.45278e+12
1.4e+08	-9.47634e+08	1.4416e+09	1.06863e+11	5.71475e+09	6.73054e+10	-1.32265e+11	1.65025e+11	-1.53053e+11	5.60136e+11	-5.44207e+11	1.16501e+12	8.45873e+11	9.34184e+11	2.71422e+12	7.5693e+11	4.43577e+12
1.6e+08	-7.89333e+08	1.63654e+09	1.05351e+11	-1.75998e+10	5.15754e+10	1.41781e+11	-2.2055e+11	-5.54743e+10	3.51711e+11	-6.97555e+11	1.26895e+12	6.83733e+11	1.0616e+12	2.6668e+12	8.63799e+11	4.41617e+12
1.8e+08	-5.87288e+08	1.76356e+09	9.8812e+10	-4.00794e+10	-1.39413e+11	-5.49987e+10	6.55908e+10	2.19835e+11	1.04653e+11	-7.74274e+11	1.35041e+12	5.09499e+11	1.18663e+12	2.61339e+12	9.70164e+11	4.39399e+12
2e+08	-3.68609e+08	1.81205e+09	8.75333e+10	-6.06412e+10	1.34781e+11	-6.32524e+10	1.49455e+11	-1.68338e+11	-1.5393e+11	-7.65979e+11	1.40803e+12	3.26297e+11	1.30899e+12	2.5541e+12	1.07596e+12	4.36924e+12
2.2e+08	-1.57251e+08	1.78143e+09	7.20367e+10	-7.82911e+10	-4.3896e+10	1.44852e+11	-2.24556e+11	-3.33327e+10	-3.95673e+11	-6.73528e+11	1.44091e+12	1.37387e+11	1.42841e+12	2.48906e+12	1.18113e+12	4.34194e+12
2.4e+08	1.93958e+07	1.68252e+09	5.30506e+10	-9.21697e+10	-7.61891e+10	-1.27647e+11	8.72205e+10	2.12208e+11	-5.93992e+11	-5.06956e+11	1.44858e+12	-5.39006e+10	1.5446e+12	2.41842e+12	1.28561e+12	4.31211e+12
2.6e+08	1.404e+08	1.52922e+09	3.14831e+10	-1.016e+11	1.46878e+11	3.17086e+10	1.32316e+11	-1.82607e+11	-7.26954e+11	-2.84439e+11	1.43102e+12	-2.44226e+11	1.65732e+12	2.34234e+12	1.38934e+12	4.27976e+12
2.8e+08	1.93766e+08	1.34509e+09	8.33397e+09	-1.0613e+11	-1.21627e+11	8.83738e+10	-2.26634e+11	-1.14543e+10	-7.79709e+11	-3.03913e+10	1.38866e+12	-4.30295e+11	1.76631e+12	2.26099e+12	1.49226e+12	4.24491e+12
3e+08	1.70422e+08	1.1567e+09	-1.52864e+10	-1.05516e+11	1.76933e+10	-1.47968e+11	1.07591e+11	2.02109e+11	-7.46186e+11	2.27153e+11	1.32234e+12	-6.08919e+11	1.87132e+12	2.17455e+12	1.59431e+12	4.20758e+12
3.2e+08	7.50811e+07	9.8828e+08	-3.8239e+10	-9.97667e+10	9.81821e+10	1.14012e+11	1.13326e+11	-1.95288e+11	-6.29877e+11	4.59616e+11	1.2333e+12	-7.77064e+11	1.97211e+12	2.08321e+12	1.69542e+12	4.1678e+12
3.4e+08	-7.97214e+07	8.65984e+08	-5.94105e+10	-8.91428e+10	-1.49886e+11	-3.9444e+09	-2.27145e+11	1.0509e+10	-4.43534e+11	6.41081e+11	1.12316e+12	-9.31898e+11	2.06846e+12	1.98718e+12	1.79555e+12	4.12558e+12
3.6e+08	-2.77651e+08	8.07451e+08	-7.77699e+10	-7.41525e+10	1.0383e+11	-1.07274e+11	1.26346e+11	1.90206e+11	-2.07813e+11	7.51251e+11	9.93882e+11	-1.07083e+12	2.16015e+12	1.88668e+12	1.89463e+12	4.08095e+12
3.8e+08	-4.91393e+08	8.22919e+08	-9.24498e+10	-5.54952e+10	8.59968e+09	1.50142e+11	9.27628e+10	-2.05673e+11	5.10343e+10	7.77796e+11	8.47715e+11	-1.19157e+12	2.24697e+12	1.78193e+12	1.9926e+12	4.03394e+12
4e+08	-6.95107e+08	9.16809e+08	-1.02724e+11	-3.40635e+10	-1.17079e+11	-9.37896e+10	-2.25762e+11	3.29289e+10	3.04147e+11	7.1778e+11	6.87188e+11	-1.29212e+12	2.32872e+12	1.67316e+12	2.0894e+12	3.98457e+12
4.2e+08	-8.64253e+08	1.07995e+09	-1.08082e+11	-1.08854e+10	1.47293e+11	-2.18231e+10	1.43705e+11	1.77094e+11	5.23347e+11	5.77991e+11	5.15048e+11	-1.37083e+12	2.40521e+12	1.56062e+12	2.18499e+12	3.93288e+12
4.4e+08	-9.73449e+08	1.29784e+09	-1.08252e+11	1.29165e+10	-8.46283e+10	1.25374e+11	7.13381e+10	-2.13428e+11	6.84339e+11	3.74121e+11	3.34219e+11	-1.42642e+12	2.47628e+12	1.44457e+12	2.2793e+12	3.87889e+12
4.6e+08	-1.00907e+09	1.54961e+09	-1.03224e+11	3.61828e+10	-3.63915e+10	-1.44363e+11	-2.21878e+11	5.55719e+10	7.69416e+11	1.28933e+11	1.47758e+11	-1.458e+12	2.54175e+12	1.32526e+12	2.37227e+12	3.82263e+12
4.8e+08	-9.63012e+08	1.80665e+09	-9.32404e+10	5.78142e+10	1.30525e+11	7.34506e+10	1.60167e+11	1.62747e+11	7.69378e+11	-1.30346e+11	-4.11953e+10	-1.46505e+12	2.60149e+12	1.20295e+12	2.46387e+12	3.76414e+12
5e+08	-8.34353e+08	2.04389e+09	-7.87754e+10	7.67578e+10	-1.4281e+11	4.9768e+10	4.97785e+10	-2.18787e+11	6.84455e+11	-3.7508e+11	-2.29463e+11	-1.44747e+12	2.65534e+12	1.07794e+12	2.55402e+12	3.70345e+12
5.2e+08	-6.35948e+08	2.23512e+09	-6.05179e+10	9.2094e+10	5.94202e+10	-1.3536e+11	-2.15194e+11	7.77255e+10	5.24188e+11	-5.78371e+11	-4.13876e+11	-1.40555e+12	2.7032e+12	9.5049e+11	2.64268e+12	3.6406e+12
5.4e+08	-3.83826e+08	2.3577e+09	-3.93526e+10	1.03075e+11	6.04061e+10	1.39067e+11	1.75744e+11	1.46639e+11	3.06311e+11	-7.17952e+11	-5.91326e+11	-1.33996e+12	2.74495e+12	8.20898e+11	2.72979e+12	3.57562e+12
5.6e+08	-1.01318e+08	2.4002e+09	-1.63111e+10	1.0917e+11	-1.42093e+11	-4.58409e+10	2.8341e+10	-2.2234e+11	5.47937e+10	-7.78559e+11	-7.58808e+11	-1.25179e+12	2.7805e+12	6.89454e+11	2.81531e+12	3.50855e+12
5.8e+08	1.82239e+08	2.35442e+09	7.51055e+09	1.10099e+11	1.31162e+11	-7.07681e+10	-2.05986e+11	9.86276e+10	-2.02756e+11	-7.53543e+11	-9.13464e+11	-1.14248e+12	2.80975e+12	5.56455e+11	2.89918e+12	3.43943e+12
6e+08	4.41613e+08	2.22351e+09	3.09586e+10	1.05817e+11	-3.45189e+10	1.47682e+11	1.89821e+11	1.28471e+11	-4.38049e+11	-6.45587e+11	-1.05263e+12	-1.01381e+12	2.83265e+12	4.22201e+11	2.98136e+12	3.3683e+12
6.2e+08	6.50109e+08	2.02149e+09	5.29072e+10	9.65223e+10	-8.32293e+10	-1.22465e+11	6.64551e+09	-2.24437e+11	-6.25167e+11	-4.66453e+11	-1.1739e+12	-8.67898e+11	2.84914e+12	2.86996e+11	3.0618e+12	3.29521e+12
6.4e+08	7.86677e+08	1.7647e+09	7.22909e+10	8.26667e+10	1.49102e+11	2.29959e+10	-1.94952e+11	1.17908e+11	-7.43388e+11	-2.35756e+11	-1.27513e+12	-7.0715e+11	2.85918e+12	1.51146e+11	3.14045e+12	3.22019e+12
6.6e+08	8.40339e+08	1.4799e+09	8.8173e+10	6.49305e+10	-1.15452e+11	9.57446e+10	2.01644e+11	1.0851e+11	-7.79498e+11	2.11248e+10	-1.35453e+12	-5.34251e+11	2.86275e+12	1.49565e+10	3.21726e+12	3.14328e+12
6.8e+08	8.04427e+08	1.19572e+09	9.9809e+10	4.41685e+10	9.29688e+09	-1.48714e+11	-1.57272e+10	-2.24733e+11	-7.29318e+11	2.75806e+11	-1.41065e+12	-3.52123e+11	2.85982e+12	-1.21263e+11	3.29219e+12	3.06454e+12
7e+08	6.84826e+08	9.37218e+08	1.06641e+11	2.13872e+10	1.0548e+11	1.07801e+11	-1.82723e+11	1.35791e+11	-5.98238e+11	5.00034e+11	-1.44244e+12	-1.63875e+11	2.85042e+12	-2.57204e+11	3.36519e+12	2.98401e+12
7.2e+08	4.9592e+08	7.32049e+08	1.08343e+11	-2.3265e+09	-1.49315e+11	5.00634e+09	2.10817e+11	8.74813e+10	-4.00687e+11	6.68845e+11	-1.44921e+12	2.72484e+10	2.83455e+12	-3.92559e+11	3.43623e+12	2.90174e+12
7.4e+08	2.56363e+08	5.98049e+08	1.04836e+11	-2.58227e+10	9.76519e+10	-1.13587e+11	-3.85918e+10	-2.22564e+11	-1.58562e+11	7.63395e+11	-1.43075e+12	2.17926e+11	2.81226e+12	-5.27021e+11	3.50526e+12	2.81777e+12
7.6e+08	-5.85788e+06	5.44745e+08	9.63047e+10	-4.79663e+10	1.81598e+10	1.49034e+11	-1.6932e+11	1.52812e+11	1.01216e+11	7.73115e+11	-1.38724e+12	4.04811e+11	2.78358e+12	-6.60285e+11	3.57224e+12	2.73215e+12
7.8e+08	-2.63895e+08	5.77104e+08	8.31742e+10	-6.77088e+10	-1.22146e+11	-8.69143e+10	2.17525e+11	6.61528e+10	3.49735e+11	6.96928e+11	-1.31933e+12	5.84594e+11	2.74859e+12	-7.92047e+11	3.63713e+12	2.64493e+12
8e+08	-4.92103e+08	6.85429e+08	6.60887e+10	-8.41066e+10	1.4602e+11	-3.11471e+10	-6.12498e+10	-2.17553e+11	5.59363e+11	5.43362e+11	-1.2281e+12	7.54062e+11	2.70737e+12	-9.22009e+11	3.6999e+12	2.55617e+12
8.2e+08	-6.65451e+08	8.54492e+08	4.58593e+10	-9.63864e+10	-7.66236e+10	1.29781e+11	-1.5422e+11	1.69058e+11	7.06863e+11	3.29568e+11	-1.11508e+12	9.10158e+11	2.65999e+12	-1.04987e+12	3.7605e+12	2.46592e+12
8.4e+08	-7.70214e+08	1.06436e+09	2.34672e+10	-1.03964e+11	-4.48967e+10	-1.42444e+11	2.22342e+11	4.48497e+10	7.75981e+11	7.93513e+10	-9.82188e+11	1.05005e+12	2.60657e+12	-1.17535e+12	3.8189e+12	2.37422e+12
8.6e+08	-7.97892e+08	1.28641e+09	-4.57623e+06	-1.06492e+11	1.34813e+11	6.48139e+10	-8.29215e+10	-2.09892e+11	7.59219e+11	-1.79529e+11	-8.31735e+11	1.17117e+12	2.54723e+12	-1.29815e+12	3.87506e+12	2.28114e+12
8.8e+08	-7.48156e+08	1.49579e+09	-2.34376e+10	-1.03873e+11	-1.39552e+11	5.77363e+10	-1.37079e+11	1.83967e+11	6.58596e+11	-4.18466e+11	-6.66364e+11	1.27129e+12	2.4821e+12	-1.418e+12	3.92896e+12	2.18672e+12
9e+08	-6.33716e+08	1.66823e+09	-4.57123e+10	-9.62509e+10	5.10072e+10	-1.39304e+11	2.25648e+11	2.32402e+10	4.85355e+11	-6.11159e+11	-4.89012e+11	1.34855e+12	2.41132e+12	-1.53461e+12	3.98056e+12	2.09103e+12
9.2e+08	-4.69698e+08	1.78182e+09	-6.57874e+10	-8.39895e+10	6.85208e+10	1.34554e+11	-1.03179e+11	-2.00221e+11	2.5867e+11	-7.36468e+11	-3.02852e+11	1.40153e+12	2.33505e+12	-1.64774e+12	4.02984e+12	1.99411e+12
9.4e+08	-2.79136e+08	1.82627e+09	-8.27077e+10	-6.76857e+10	-1.44918e+11	-3.77286e+10	-1.18108e+11	1.96808e+11	3.51617e+09	-7.80682e+11	-1.11231e+11	1.42922e+12	2.25348e+12	-1.75711e+12	4.07675e+12	1.89602e+12
9.6e+08	-8.99829e+07	1.79577e+09	-9.56774e+10	-4.81297e+10	1.26234e+11	-7.91314e+10	2.27139e+11	9.28343e+08	-2.52055e+11	-7.38972e+11	8.23957e+10	1.43112e+12	2.16677e+12	-1.86249e+12	4.12128e+12	1.79683e+12
9.8e+08	7.50082e+07	1.69407e+09	-1.04102e+11	-2.62596e+10	-2.59769e+10	1.49004e+11	-1.22179e+11	-1.89145e+11	-4.79948e+11	-6.15901e+11	2.74531e+11	1.40718e+12	2.07513e+12	-1.96362e+12	4.1634e+12	1.69659e+12
1e+09	1.90993e+08	1.53598e+09	-1.07599e+11	-3.12113e+09	-9.10454e+10	-1.17645e+11	-9.79724e+10	2.07185e+11	-6.55067e+11	-4.24938e+11	4.61708e+11	1.35786e+12	1.97877e+12	-2.06028e+12	4.20308e+12	1.59535e+12
1.02e+09	2.3981e+08	1.33893e+09	-1.06011e+11	2.02144e+10	1.49589e+11	1.35473e+10	2.26186e+11	-2.19161e+10	-7.58041e+11	-1.87028e+11	6.4056e+11	1.28408e+12	1.8779e+12	-2.15224e+12	4.24031e+12	1.49318e+12
1.04e+09	2.14134e+08	1.1286e+09	-9.9421e+10	4.26378e+10	-1.10131e+11	1.02274e+11	-1.40394e+11	-1.76683e+11	-7.77376e+11	7.16506e+10	8.07886e+11	1.18722e+12	1.77275e+12	-2.2393e+12	4.27505e+12	1.39014e+12
1.06e+09	1.09636e+08	9.32462e+08	-8.81517e+10	6.30902e+10	-4.7426e+08	-1.49218e+11	-7.7394e+10	2.15257e+11	-7.10767e+11	3.22527e+11	9.6071e+11	1.06906e+12	1.66356e+12	-2.32125e+12	4.30728e+12	1.28629e+12
1.08e+09	-6.48748e+07	7.74298e+08	-7.27475e+10	8.06156e+10	1.11037e+11	1.01082e+11	2.22428e+11	-4.46115e+10	-5.65428e+11	5.3778e+11	1.09634e+12	9.31791e+11	1.55058e+12	-2.39791e+12	4.337e+12	1.18168e+12
1.1e+09	-2.92046e+08	6.78509e+08	-5.39448e+10	9.43941e+10	-1.49547e+11	1.40211e+10	-1.57869e+11	-1.62334e+11	-3.5736e+11	6.93446e+11	1.21243e+12	7.77931e+11	1.43407e+12	-2.4691e+12	4.36418e+12	1.07639e+12
1.12e+09	-5.52313e+08	6.5989e+08	-3.2605e+10	1.03791e+11	8.97795e+10	-1.19208e+11	-5.66611e+10	2.21565e+11	-1.09616e+11	7.72135e+11	1.30698e+12	6.10279e+11	1.31429e+12	-2.53466e+12	4.3888e+12	9.70462e+11
1.14e+09	-8.16442e+08	7.2502e+08	-9.73726e+09	1.08356e+11	2.63438e+10	1.47839e+11	2.16067e+11	-6.63951e+10	1.50261e+11	7.65029e+11	1.37842e+12	4.31863e+11	1.1915e+12	-2.59443e+12	4.41085e+12	8.63969e+11
1.16e+09	-1.05688e+09	8.74635e+08	1.35771e+10	1.07875e+11	-1.28001e+11	-7.90714e+10	-1.74011e+11	-1.45767e+11	3.93344e+11	6.72906e+11	1.42559e+12	2.45877e+11	1.066e+12	-2.64829e+12	4.43032e+12	7.56971e+11
1.18e+09	-1.24955e+09	1.0956e+09	3.62383e+10	1.0237e+11	1.43081e+11	-3.95522e+10	-3.542e+10	2.26461e+11	5.92593e+11	5.06062e+11	1.44779e+12	5.56203e+10	9.3807e+11	-2.6961e+12	4.44719e+12	6.49531e+11
1.2e+09	-1.37045e+09	1.36993e+09	5.71739e+10	9.21045e+10	-6.93446e+10	1.34664e+11	2.07748e+11	-8.6863e+10	7.25913e+11	2.83127e+11	1.44475e+12	-1.35562e+11	8.07997e+11	-2.73776e+12	4.46146e+12	5.41712e+11
1.22e+09	-1.40752e+09	1.67441e+09	7.54173e+10	7.75364e+10	-5.41118e+10	-1.38907e+11	-1.88051e+11	-1.27198e+11	7.78624e+11	2.8935e+10	1.41662e+12	-3.24342e+11	6.7608e+11	-2.77316e+12	4.47312e+12	4.33576e+11
1.24e+09	-1.35577e+09	1.97839e+09	9.0088e+10	5.93455e+10	1.37875e+11	5.71702e+10	-1.32468e+10	2.29605e+11	7.45062e+11	-2.28298e+11	1.364e+12	-5.07467e+11	5.42621e+11	-2.80224e+12	4.48215e+12	3.25186e+11
1.26e+09	-1.21712e+09	2.25615e+09	1.00479e+11	3.83909e+10	-1.36337e+11	6.6819e+10	1.98084e+11	-1.06199e+11	6.2914e+11	-4.60139e+11	1.28789e+12	-6.81823e+11	4.07924e+11	-2.82493e+12	4.48856e+12	2.16607e+11
1.28e+09	-1.00693e+09	2.48228e+09	1.06087e+11	1.56655e+10	4.20279e+10	-1.41355e+11	-1.99556e+11	-1.07333e+11	4.43831e+11	-6.41084e+11	1.18969e+12	-8.44477e+11	2.72298e+11	-2.84116e+12	4.49234e+12	1.07902e+11
1.3e+09	-7.43895e+08	2.63499e+09	1.06636e+11	-7.74629e+09	7.61935e+10	1.30969e+11	9.71171e+09	2.30311e+11	2.09663e+11	-7.51331e+11	1.07117e+12	-9.92715e+11	1.36051e+11	-2.8509e+12	4.49349e+12	-8.66508e+08
1.32e+09	-4.52696e+08	2.7052e+09	1.02082e+11	-3.07621e+10	-1.47205e+11	-2.80246e+10	1.87089e+11	-1.24923e+11	-4.75735e+10	-7.78879e+11	9.34422e+11	-1.12407e+12	-5.04772e+08	-2.85413e+12	4.492e+12	-1.09633e+11
1.34e+09	-1.63054e+08	2.68751e+09	9.26186e+10	-5.22697e+10	1.21051e+11	-8.57351e+10	-2.0867e+11	-8.69527e+10	-2.99634e+11	-7.20769e+11	7.81837e+11	-1.23638e+12	-1.37059e+11	-2.85084e+12	4.48788e+12	-2.18335e+11
1.36e+09	1.00177e+08	2.5869e+09	7.86866e+10	-7.12276e+10	-1.69362e+10	1.5121e+11	3.27804e+10	2.28146e+11	-5.18858e+11	-5.8337e+11	6.16036e+11	-1.32779e+12	-2.733e+11	-2.84104e+12	4.48114e+12	-3.26908e+11
1.38e+09	3.12011e+08	2.41998e+09	6.09447e+10	-8.67134e+10	-9.79509e+10	-1.11023e+11	1.74229e+11	-1.43126e+11	-6.81132e+11	-3.81691e+11	4.39846e+11	-1.39679e+12	-4.08917e+11	-2.82475e+12	4.47177e+12	-4.35289e+11
1.4e+09	4.53761e+08	2.20448e+09	4.02458e+10	-9.79729e+10	1.5028e+11	5.33548e+09	-2.15952e+11	-6.63986e+10	-7.68495e+11	-1.37807e+11	2.5625e+11	-1.44226e+12	-5.436e+11	-2.80201e+12	4.45977e+12	-5.43414e+11
1.42e+09	5.17266e+08	1.96699e+09	1.7547e+10	-1.04464e+11	-1.03476e+11	1.09617e+11	5.51464e+10	2.23245e+11	-7.71126e+11	1.21486e+11	6.8345e+10	-1.46345e+12	-6.77041e+11	-2.77287e+12	4.44516e+12	-6.51219e+11
1.44e+09	4.98813e+08	1.73608e+09	-6.05574e+09	-1.05849e+11	-9.14243e+09	-1.48107e+11	1.59107e+11	-1.60253e+11	-6.88492e+11	3.67555e+11	-1.20707e+11	-1.46002e+12	-8.08936e+11	-2.73739e+12	4.42795e+12	-7.58641e+11
1.46e+09	4.0704e+08	1.53487e+09	-2.94174e+10	-1.02045e+11	1.17414e+11	9.49128e+10	-2.21798e+11	-4.53521e+10	-5.29514e+11	5.7307e+11	-3.07726e+11	-1.43201e+12	-9.38983e+11	-2.69566e+12	4.40814e+12	-8.65618e+11
1.48e+09	2.58608e+08	1.38797e+09	-5.14006e+10	-9.32244e+10	-1.47896e+11	2.37506e+10	7.63371e+10	2.1622e+11	-3.11671e+11	7.15077e+11	-4.89564e+11	-1.37988e+12	-1.06688e+12	-2.64778e+12	4.38575e+12	-9.72087e+11
1.5e+09	7.32945e+07	1.31036e+09	-7.09322e+10	-7.98142e+10	8.29975e+10	-1.23803e+11	1.41864e+11	-1.75534e+11	-5.91111e+10	7.77629e+11	-6.63149e+11	-1.30446e+12	-1.19235e+12	-2.59384e+12	4.36079e+12	-1.07798e+12
1.52e+09	-1.2053e+08	1.30729e+09	-8.70884e+10	-6.24371e+10	3.59305e+10	1.46502e+11	-2.25929e+11	-2.33887e+10	2.0004e+11	7.53659e+11	-8.25535e+11	-1.207e+12	-1.3151e+12	-2.53399e+12	4.33327e+12	-1.18325e+12
1.54e+09	-2.96927e+08	1.37955e+09	-9.90684e+10	-4.19289e+10	-1.31829e+11	-7.07426e+10	9.64728e+10	2.07685e+11	4.3688e+11	6.45822e+11	-9.73947e+11	-1.08908e+12	-1.43484e+12	-2.46834e+12	4.3032e+12	-1.28782e+12
1.56e+09	-4.32838e+08	1.51421e+09	-1.0628e+11	-1.92847e+10	1.41189e+11	-4.78098e+10	1.23125e+11	-1.88495e+11	6.25031e+11	4.66202e+11	-1.10583e+12	-9.52652e+11	-1.55131e+12	-2.39706e+12	4.27062e+12	-1.39163e+12
1.58e+09	-5.06265e+08	1.69257e+09	-1.08367e+11	4.39258e+09	-6.02498e+10	1.38864e+11	-2.27694e+11	-6.27652e+08	7.43643e+11	2.34903e+11	-1.21887e+12	-7.99968e+11	-1.66424e+12	-2.3203e+12	4.23553e+12	-1.49463e+12
1.6e+09	-5.07758e+08	1.89282e+09	-1.05232e+11	2.79453e+10	-6.16064e+10	-1.35238e+11	1.16037e+11	1.97684e+11	7.79716e+11	-2.22761e+10	-1.31108e+12	-6.33579e+11	-1.77338e+12	-2.23824e+12	4.19796e+12	-1.59675e+12
1.62e+09	-4.33896e+08	2.08597e+09	-9.7023e+10	5.02641e+10	1.41901e+11	4.87376e+10	1.03636e+11	-1.99219e+11	7.29495e+11	-2.76798e+11	-1.38079e+12	-4.56285e+11	-1.87848e+12	-2.15108e+12	4.15792e+12	-1.69793e+12
1.64e+09	-2.8856e+08	2.24754e+09	-8.41329e+10	7.02581e+10	-1.31232e+11	7.48791e+10	-2.26678e+11	2.23012e+10	5.98778e+11	-5.00582e+11	-1.42671e+12	-2.71095e+11	-1.97929e+12	-2.059e+12	4.11545e+12	-1.79811e+12
1.66e+09	-8.9029e+07	2.35551e+09	-6.71863e+10	8.69542e+10	3.41772e+10	-1.43828e+11	1.35098e+11	1.8571e+11	4.02173e+11	-6.69082e+11	-1.44792e+12	-8.11779e+10	-2.0756e+12	-1.96223e+12	4.07056e+12	-1.89724e+12
1.68e+09	1.45821e+08	2.39125e+09	-4.70083e+10	9.95405e+10	8.47444e+10	1.2582e+11	8.37228e+10	-2.08211e+11	1.6142e+11	-7.63914e+11	-1.44395e+12	1.10184e+11	-2.16718e+12	-1.86099e+12	4.02328e+12	-1.99526e+12
1.7e+09	3.91166e+08	2.3482e+09	-2.45882e+10	1.07413e+11	-1.47934e+11	-1.94289e+10	-2.23009e+11	4.46291e+10	-9.70112e+10	-7.74787e+11	-1.41475e+12	2.99653e+11	-2.25382e+12	-1.7555e+12	3.97364e+12	-2.0921e+12
1.72e+09	6.17425e+08	2.22504e+09	-9.84713e+08	1.10209e+11	1.16276e+11	-9.33672e+10	1.53091e+11	1.71388e+11	-3.4478e+11	-7.00548e+11	-1.36073e+12	4.83895e+11	-2.33534e+12	-1.64601e+12	3.92168e+12	-2.18771e+12
1.74e+09	8.01915e+08	2.0298e+09	2.2658e+10	1.07792e+11	-7.17221e+09	1.51413e+11	6.30541e+10	-2.1582e+11	-5.54701e+11	-5.493e+11	-1.28272e+12	6.59637e+11	-2.41153e+12	-1.53277e+12	3.86741e+12	-2.28204e+12
1.76e+09	9.21603e+08	1.78125e+09	4.51958e+10	1.00279e+11	-1.04018e+11	-1.05506e+11	-2.17285e+11	6.59009e+10	-7.03655e+11	-3.37547e+11	-1.18202e+12	8.23732e+11	-2.48223e+12	-1.41603e+12	3.81087e+12	-2.37503e+12
1.78e+09	9.59936e+08	1.50003e+09	6.55378e+10	8.80385e+10	1.50718e+11	-4.45167e+09	1.69246e+11	1.54876e+11	-7.75103e+11	-8.84692e+10	-1.06032e+12	9.73215e+11	-2.54729e+12	-1.29607e+12	3.75209e+12	-2.46663e+12
1.8e+09	9.12711e+08	1.2142e+09	8.2704e+10	7.16774e+10	-9.63328e+10	1.14978e+11	4.12057e+10	-2.21717e+11	-7.60934e+11	1.70531e+11	-9.19725e+11	1.10536e+12	-2.60654e+12	-1.17315e+12	3.69111e+12	-2.55678e+12
1.82e+09	7.79268e+08	9.52639e+08	9.58969e+10	5.19756e+10	-1.78853e+10	-1.48031e+11	-2.10113e+11	8.62619e+10	-6.62461e+11	4.10796e+11	-7.62695e+11	1.21775e+12	-2.65987e+12	-1.04756e+12	3.62797e+12	-2.64542e+12
1.84e+09	5.71145e+08	7.39124e+08	1.04482e+11	2.98863e+10	1.23039e+11	8.68535e+10	1.83084e+11	1.36826e+11	-4.90383e+11	6.05581e+11	-5.92e+11	1.3083e+12	-2.70716e+12	-9.19586e+11	3.5627e+12	-2.73251e+12
1.86e+09	3.09134e+08	5.97358e+08	1.08048e+11	6.47334e+09	-1.46204e+11	3.19048e+10	1.82969e+10	-2.25197e+11	-2.63693e+11	7.33096e+11	-4.10673e+11	1.37532e+12	-2.74829e+12	-7.89516e+11	3.49533e+12	-2.818e+12
1.88e+09	1.53398e+07	5.40462e+08	1.06433e+11	-1.71324e+10	7.52371e+10	-1.2936e+11	-2.01521e+11	1.06234e+11	-7.60006e+09	7.79023e+11	-2.21945e+11	1.41755e+12	-2.78317e+12	-6.57649e+11	3.42591e+12	-2.90183e+12
1.9e+09	-2.80006e+08	5.72292e+08	9.97293e+10	-3.97912e+10	4.45441e+10	1.43305e+11	1.94687e+11	1.1801e+11	2.49333e+11	7.38204e+11	-2.9194e+10	1.43421e+12	-2.81173e+12	-5.24284e+11	3.35449e+12	-2.98396e+12
1.92e+09	-5.48498e+08	6.91297e+08	8.8272e+10	-6.04444e+10	-1.36184e+11	-6.33401e+10	-5.00961e+09	-2.25778e+11	4.78459e+11	6.15248e+11	1.64109e+11	1.42502e+12	-2.83391e+12	-3.89726e+11	3.28109e+12	-3.06433e+12
1.94e+09	-7.66869e+08	8.81833e+08	7.26168e+10	-7.81041e+10	1.37628e+11	-5.69202e+10	-1.90959e+11	1.25931e+11	6.54325e+11	4.23971e+11	3.54475e+11	1.39014e+12	-2.84966e+12	-2.54281e+11	3.20577e+12	-3.14291e+12
1.96e+09	-9.13057e+08	1.12371e+09	5.35141e+10	-9.19298e+10	-5.22007e+10	1.41674e+11	2.04596e+11	9.87927e+10	7.57534e+11	1.8577e+11	5.38468e+11	1.33023e+12	-2.85893e+12	-1.18255e+11	3.12856e+12	-3.21964e+12
1.98e+09	-9.76932e+08	1.39331e+09	3.18868e+10	-1.01266e+11	-7.02409e+10	-1.31793e+11	-2.789e+10	-2.23542e+11	7.76861e+11	-7.28564e+10	7.1278e+11	1.24641e+12	-2.86172e+12	1.80427e+10	3.04952e+12	-3.29447e+12
2e+09	-9.56206e+08	1.65981e+09	8.77982e+09	-1.05681e+11	1.43963e+11	3.95844e+10	-1.77978e+11	1.44801e+11	7.10409e+11	-3.23299e+11	8.74291e+11	1.14023e+12	-2.85802e+12	1.54303e+11	2.96869e+12	-3.36738e+12
2.02e+09	-8.55248e+08	1.89848e+09	-1.47209e+10	-1.04988e+11	-1.27136e+11	8.23312e+10	2.13223e+11	7.88429e+10	5.65713e+11	-5.38005e+11	1.02013e+12	1.01365e+12	-2.84783e+12	2.90216e+11	2.88611e+12	-3.4383e+12
2.04e+09	-6.90991e+08	2.08656e+09	-3.74944e+10	-9.92294e+10	2.46943e+10	-1.45901e+11	-4.9817e+10	-2.19072e+11	3.58827e+11	-6.93452e+11	1.14774e+12	8.68977e+11	-2.83119e+12	4.25476e+11	2.80184e+12	-3.5072e+12
2.06e+09	-4.83278e+08	2.20451e+09	-5.8465e+10	-8.86806e+10	9.14703e+10	1.20273e+11	-1.62657e+11	1.62053e+11	1.12529e+11	-7.72652e+11	1.25491e+12	7.08864e+11	-2.80814e+12	5.59775e+11	2.71592e+12	-3.57405e+12
2.08e+09	-2.56825e+08	2.24631e+09	-7.66367e+10	-7.38526e+10	-1.49613e+11	-1.05085e+10	2.2029e+11	5.76948e+10	-1.46149e+11	-7.66939e+11	1.33981e+12	5.36206e+11	-2.77872e+12	6.9281e+11	2.62841e+12	-3.63879e+12
2.1e+09	-4.03672e+07	2.21021e+09	-9.1152e+10	-5.54638e+10	1.09628e+11	-1.00216e+11	-7.08661e+10	-2.12996e+11	-3.88824e+11	-6.76889e+11	1.40103e+12	3.54106e+11	-2.74302e+12	8.24281e+11	2.53936e+12	-3.7014e+12
2.12e+09	1.43216e+08	2.10344e+09	-1.0135e+11	-3.43846e+10	1.26391e+09	1.51691e+11	-1.45597e+11	1.77153e+11	-5.88798e+11	-5.12273e+11	1.43759e+12	1.65808e+11	-2.7011e+12	9.53889e+11	2.44881e+12	-3.76183e+12
2.14e+09	2.71806e+08	1.94515e+09	-1.06754e+11	-1.16165e+10	-1.10946e+11	-9.8799e+10	2.25118e+11	3.53999e+10	-7.23955e+11	-2.91063e+11	1.44898e+12	-2.53626e+10	-2.65307e+12	1.08134e+12	2.35683e+12	-3.82005e+12
2.16e+09	3.3026e+08	1.7549e+09	-1.07109e+11	1.17762e+10	1.49473e+11	-1.32605e+10	-9.1522e+10	-2.05393e+11	-7.79204e+11	-3.75393e+10	1.43511e+12	-2.16061e+11	-2.59905e+12	1.20635e+12	2.26346e+12	-3.87603e+12
2.18e+09	3.14742e+08	1.55909e+09	-1.02404e+11	3.46843e+10	-8.98352e+10	1.21013e+11	-1.27545e+11	1.90114e+11	-7.48209e+11	2.20319e+11	1.39634e+12	-4.02983e+11	-2.53914e+12	1.32863e+12	2.16876e+12	-3.92973e+12
2.2e+09	2.25661e+08	1.38586e+09	-9.28676e+10	5.60244e+10	-2.74114e+10	-1.46194e+11	2.27208e+11	1.25525e+10	-6.34191e+11	4.539e+11	1.33344e+12	-5.82919e+11	-2.47349e+12	1.44792e+12	2.07279e+12	-3.98112e+12
2.22e+09	7.55948e+07	1.25631e+09	-7.89554e+10	7.48082e+10	1.27554e+11	7.97852e+10	-1.11904e+11	-1.95765e+11	-4.49657e+11	6.37174e+11	1.24762e+12	-7.52807e+11	-2.40225e+12	1.56393e+12	1.9756e+12	-4.03017e+12
2.24e+09	-1.15153e+08	1.19128e+09	-6.13242e+10	9.01505e+10	-1.44443e+11	4.13179e+10	-1.08875e+11	2.01406e+11	-2.15061e+11	7.49652e+11	1.14043e+12	-9.09783e+11	-2.32559e+12	1.67641e+12	1.87725e+12	-4.07685e+12
2.26e+09	-3.24928e+08	1.20201e+09	-4.07843e+10	1.01332e+11	6.6921e+10	-1.33014e+11	2.26604e+11	-1.00692e+10	4.34785e+10	7.78758e+11	1.0138e+12	-1.05122e+12	-2.24367e+12	1.78511e+12	1.7778e+12	-4.12114e+12
2.28e+09	-5.24403e+08	1.28897e+09	-1.83041e+10	1.07815e+11	5.28951e+10	1.41041e+11	-1.3148e+11	-1.83684e+11	2.97145e+11	7.21274e+11	8.69925e+11	-1.17477e+12	-2.15668e+12	1.88979e+12	1.67731e+12	-4.163e+12
2.3e+09	-6.87834e+08	1.44796e+09	5.0531e+09	1.09291e+11	-1.39939e+11	-5.42415e+10	-8.92907e+10	2.11409e+11	5.1771e+11	5.83701e+11	7.11313e+11	-1.27841e+12	-2.06482e+12	1.9902e+12	1.57583e+12	-4.20242e+12
2.32e+09	-7.94561e+08	1.66221e+09	2.81948e+10	1.0569e+11	1.33862e+11	-6.44099e+10	2.2384e+11	-3.19633e+10	6.8073e+11	3.81473e+11	5.40681e+11	-1.36043e+12	-1.96831e+12	2.08613e+12	1.47342e+12	-4.23937e+12
2.34e+09	-8.25228e+08	1.90944e+09	5.00256e+10	9.71756e+10	-4.34715e+10	1.45309e+11	-1.49474e+11	-1.69235e+11	7.68269e+11	1.37162e+11	3.60932e+11	-1.41949e+12	-1.86735e+12	2.17735e+12	1.37015e+12	-4.27382e+12
2.36e+09	-7.73792e+08	2.1655e+09	6.95252e+10	8.4122e+10	-7.79499e+10	-1.26592e+11	-6.83442e+10	2.19823e+11	7.70843e+11	-1.22109e+11	1.75107e+11	-1.45465e+12	-1.76219e+12	2.26367e+12	1.26607e+12	-4.30576e+12
2.38e+09	-6.41341e+08	2.40054e+09	8.57536e+10	6.71362e+10	1.46329e+11	3.14737e+10	2.19503e+11	-5.32211e+10	6.88381e+11	-3.67703e+11	-1.36595e+10	-1.46534e+12	-1.65305e+12	2.34488e+12	1.16125e+12	-4.33518e+12
2.4e+09	-4.35071e+08	2.59006e+09	9.79286e+10	4.70188e+10	-1.21581e+11	9.05427e+10	-1.6536e+11	-1.53028e+11	5.30144e+11	-5.72616e+11	-2.02192e+11	-1.45139e+12	-1.54018e+12	2.42082e+12	1.05574e+12	-4.36204e+12
2.42e+09	-1.75665e+08	2.71321e+09	1.05467e+11	2.47183e+10	1.62319e+10	-1.46537e+11	-4.61001e+10	2.25943e+11	3.13642e+11	-7.14389e+11	-3.87317e+11	-1.41304e+12	-1.42384e+12	2.4913e+12	9.49621e+11	-4.38634e+12
2.44e+09	1.14759e+08	2.75334e+09	1.07996e+11	1.29615e+09	9.90777e+10	1.15021e+11	2.13631e+11	-7.43377e+10	6.27009e+10	-7.77507e+11	-5.65911e+11	-1.3509e+12	-1.30429e+12	2.55617e+12	8.42938e+11	-4.40806e+12
2.46e+09	4.10132e+08	2.70648e+09	1.05374e+11	-2.21577e+10	-1.49431e+11	-9.81885e+08	-1.79167e+11	-1.35826e+11	-1.95119e+11	-7.55046e+11	-7.34951e+11	-1.266e+12	-1.18181e+12	2.61528e+12	7.35761e+11	-4.4272e+12
2.48e+09	6.7972e+08	2.5741e+09	9.7704e+10	-4.45101e+10	1.0397e+11	-1.06302e+11	-2.31753e+10	2.29245e+11	-4.31489e+11	-6.4942e+11	-8.91558e+11	-1.1597e+12	-1.05666e+12	2.66851e+12	6.2815e+11	-4.44372e+12
2.5e+09	9.00614e+08	2.36698e+09	8.53408e+10	-6.468e+10	1.11279e+10	1.5161e+11	2.05673e+11	-9.54425e+10	-6.20368e+11	-4.72153e+11	-1.03305e+12	-1.03372e+12	-9.29127e+11	2.71573e+12	5.20171e+11	-4.45764e+12
2.52e+09	1.05146e+09	2.10654e+09	6.88706e+10	-8.16932e+10	-1.1604e+11	-9.17241e+10	-1.91397e+11	-1.18003e+11	-7.40848e+11	-2.42666e+11	-1.157e+12	-8.90152e+11	-7.99504e+11	2.75685e+12	4.11885e+11	-4.46894e+12
2.54e+09	1.11716e+09	1.81507e+09	4.90824e+10	-9.47218e+10	1.49088e+11	-2.22085e+10	-4.00047e+08	2.29756e+11	-7.79484e+11	1.37973e+10	-1.26125e+12	-7.31368e+11	-6.6808e+11	2.79176e+12	3.03358e+11	-4.47761e+12
2.56e+09	1.09579e+09	1.52143e+09	2.68951e+10	-1.03134e+11	-8.16291e+10	1.26224e+11	1.95131e+11	-1.16005e+11	-7.31829e+11	2.6891e+11	-1.34395e+12	-5.60036e+11	-5.35153e+11	2.82039e+12	1.94652e+11	-4.48365e+12
2.58e+09	9.89689e+08	1.25458e+09	3.3826e+09	-1.06504e+11	-3.55048e+10	-1.44387e+11	-2.02467e+11	-9.92466e+10	-6.02995e+11	4.94383e+11	-1.40359e+12	-3.79051e+11	-4.01022e+11	2.84268e+12	8.58317e+10	-4.48706e+12
2.6e+09	8.12125e+08	1.03665e+09	-2.03146e+10	-1.04656e+11	1.32841e+11	7.16801e+10	2.16685e+10	2.2802e+11	-4.07153e+11	6.65123e+11	-1.43903e+12	-1.91498e+11	-2.65989e+11	2.85858e+12	-2.30388e+10	-4.48782e+12
2.62e+09	5.85515e+08	8.89247e+08	-4.30443e+10	-9.76767e+10	-1.41027e+11	4.96886e+10	1.82019e+11	-1.35205e+11	-1.65994e+11	7.62072e+11	-1.44954e+12	-5.99016e+08	-1.30358e+11	2.86804e+12	-1.31896e+11	-4.48595e+12
2.64e+09	3.32761e+08	8.23094e+08	-6.36991e+10	-8.59062e+10	5.93485e+10	-1.37212e+11	-2.12119e+11	-7.9067e+10	9.36774e+10	7.74385e+11	-1.43482e+12	1.90335e+11	5.56629e+09	2.87106e+12	-2.40675e+11	-4.48145e+12
2.66e+09	8.31148e+07	8.38641e+08	-8.1298e+10	-6.98915e+10	6.18976e+10	1.37094e+11	4.3084e+10	2.24672e+11	3.42966e+11	7.00679e+11	-1.395e+12	3.77961e+11	1.41479e+11	2.86762e+12	-3.49313e+11	-4.47431e+12
2.68e+09	-1.36518e+08	9.32029e+08	-9.49724e+10	-5.0408e+10	-1.42489e+11	-4.62276e+10	1.669e+11	-1.52441e+11	5.54147e+11	5.49197e+11	-1.33065e+12	5.58962e+11	2.77073e+11	2.85773e+12	-4.57745e+11	-4.46454e+12
2.7e+09	-3.0542e+08	1.08583e+09	-1.04055e+11	-2.84062e+10	1.30117e+11	-7.30278e+10	-2.19653e+11	-5.74565e+10	7.03803e+11	3.36851e+11	-1.24281e+12	7.3011e+11	4.12046e+11	2.84141e+12	-5.65909e+11	-4.45214e+12
2.72e+09	-4.05054e+08	1.27818e+09	-1.08108e+11	-4.96111e+09	-3.42534e+10	1.47001e+11	6.43452e+10	2.19807e+11	7.75429e+11	8.72877e+10	-1.13292e+12	8.88326e+11	5.46092e+11	2.81871e+12	-6.7374e+11	-4.43713e+12
2.74e+09	-4.28823e+08	1.48596e+09	-1.06942e+11	1.87813e+10	-8.52359e+10	-1.22361e+11	1.50535e+11	-1.67656e+11	7.61242e+11	-1.71796e+11	-1.00285e+12	1.03074e+12	6.7891e+11	2.78967e+12	-7.81176e+11	-4.41952e+12
2.76e+09	-3.78163e+08	1.67948e+09	-1.00616e+11	4.17006e+10	1.48101e+11	2.17981e+10	-2.24508e+11	-3.49597e+10	6.62982e+11	-4.11762e+11	-8.5485e+11	1.15474e+12	8.102e+11	2.75436e+12	-8.88152e+11	-4.3993e+12
2.78e+09	-2.6083e+08	1.83577e+09	-8.9435e+10	6.26771e+10	-1.15836e+11	9.69739e+10	8.56071e+10	2.12924e+11	4.91638e+11	-6.06188e+11	-6.9152e+11	1.25806e+12	9.39667e+11	2.71286e+12	-9.94607e+11	-4.3765e+12
2.8e+09	-9.64462e+07	1.93602e+09	-7.39508e+10	8.06936e+10	7.26144e+09	-1.48037e+11	1.33338e+11	-1.8129e+11	2.66189e+11	-7.33745e+11	-5.15753e+11	1.33877e+12	1.06702e+12	2.66526e+12	-1.10048e+12	-4.35113e+12
2.82e+09	9.34682e+07	1.96449e+09	-5.49243e+10	9.48799e+10	1.05701e+11	1.08021e+11	-2.26647e+11	-1.23657e+10	1.14819e+10	-7.80483e+11	-3.3069e+11	1.39538e+12	1.19197e+12	2.61166e+12	-1.2057e+12	-4.3232e+12
2.84e+09	2.83784e+08	1.91936e+09	-3.32919e+10	1.0456e+11	-1.49484e+11	7.3202e+09	1.06396e+11	2.03541e+11	-2.44477e+11	-7.41309e+11	-1.39655e+11	1.42683e+12	1.31423e+12	2.5522e+12	-1.31022e+12	-4.29273e+12
2.86e+09	4.46412e+08	1.80409e+09	-1.00724e+10	1.09289e+11	9.69824e+10	-1.13118e+11	1.15035e+11	-1.9373e+11	-4.73556e+11	-6.20517e+11	5.39076e+10	1.43253e+12	1.43354e+12	2.48699e+12	-1.41396e+12	-4.25974e+12
2.88e+09	5.60783e+08	1.62973e+09	1.36056e+10	1.08837e+11	1.98407e+10	1.49978e+11	-2.26549e+11	9.76562e+09	-6.50537e+11	-4.31333e+11	2.46502e+11	1.41238e+12	1.54962e+12	2.41619e+12	-1.51687e+12	-4.22424e+12
2.9e+09	6.08121e+08	1.4188e+09	3.65948e+10	1.03239e+11	-1.21939e+11	-8.51483e+10	1.25947e+11	1.91658e+11	-7.55857e+11	-1.94503e+11	4.34652e+11	1.36675e+12	1.6622e+12	2.33995e+12	-1.6189e+12	-4.18626e+12
2.92e+09	5.77113e+08	1.19374e+09	5.77854e+10	9.27759e+10	1.46838e+11	-3.17495e+10	9.51752e+10	-2.04706e+11	-7.77769e+11	6.39221e+10	6.14971e+11	1.29649e+12	1.77105e+12	2.25845e+12	-1.71997e+12	-4.14583e+12
2.94e+09	4.68896e+08	9.81545e+08	7.61599e+10	7.7973e+10	-7.45124e+10	1.30472e+11	-2.24796e+11	3.14703e+10	-7.13682e+11	3.15409e+11	7.84225e+11	1.20292e+12	1.8759e+12	2.17186e+12	-1.82003e+12	-4.10295e+12
2.96e+09	2.88411e+08	8.10171e+08	9.08685e+10	5.95317e+10	-4.4924e+10	-1.42361e+11	1.43687e+11	1.77808e+11	-5.70522e+11	5.32075e+11	9.39403e+11	1.08776e+12	1.97653e+12	2.08039e+12	-1.91903e+12	-4.05767e+12
2.98e+09	5.21353e+07	6.99424e+08	1.01203e+11	3.83447e+10	1.36137e+11	6.32107e+10	7.37746e+10	-2.13517e+11	-3.64039e+11	6.898e+11	1.07777e+12	9.53162e+11	2.0727e+12	1.98423e+12	-2.01689e+12	-4.01e+12
3e+09	-2.15657e+08	6.67093e+08	1.06675e+11	1.54384e+10	-1.38593e+11	5.79706e+10	-2.21454e+11	5.32329e+10	-1.17098e+11	7.70955e+11	1.1969e+12	8.01583e+11	2.1642e+12	1.8836e+12	-2.11358e+12	-3.95997e+12
3.02e+09	-4.91231e+08	7.21277e+08	1.07032e+11	-8.08182e+09	5.00835e+10	-1.40632e+11	1.59576e+11	1.62728e+11	1.42848e+11	7.66436e+11	1.29477e+12	6.35791e+11	2.25082e+12	1.77873e+12	-2.20902e+12	-3.90762e+12
3.04e+09	-7.44217e+08	8.58758e+08	1.02276e+11	-3.10813e+10	6.92463e+10	1.33104e+11	5.13989e+10	-2.19599e+11	3.86857e+11	6.7672e+11	1.36973e+12	4.58786e+11	2.33237e+12	1.66986e+12	-2.30316e+12	-3.85297e+12
3.06e+09	-9.48263e+08	1.07143e+09	9.26432e+10	-5.24953e+10	-1.45877e+11	-3.73882e+10	-2.15979e+11	7.51988e+10	5.87777e+11	5.11831e+11	1.42056e+12	2.73742e+11	2.40866e+12	1.55722e+12	-2.39595e+12	-3.79606e+12
3.08e+09	-1.08429e+09	1.33934e+09	7.8598e+10	-7.12961e+10	1.24634e+11	-8.05289e+10	1.74076e+11	1.46806e+11	7.23315e+11	2.90188e+11	1.44646e+12	8.39474e+10	2.47951e+12	1.44106e+12	-2.48733e+12	-3.73692e+12
3.1e+09	-1.13485e+09	1.63758e+09	6.08204e+10	-8.65867e+10	-2.60532e+10	1.4915e+11	2.88619e+10	-2.22918e+11	7.78543e+11	3.64934e+10	1.4471e+12	-1.07263e+11	2.54477e+12	1.32166e+12	-2.57726e+12	-3.67558e+12
3.12e+09	-1.09596e+09	1.94025e+09	4.01676e+10	-9.76427e+10	-9.32247e+10	-1.16549e+11	-2.07845e+11	9.68575e+10	7.47527e+11	-2.21076e+11	1.42257e+12	-2.96569e+11	2.60429e+12	1.19928e+12	-2.66567e+12	-3.61209e+12
3.14e+09	-9.72168e+08	2.21687e+09	1.76387e+10	-1.03948e+11	1.48467e+11	1.32911e+10	1.87604e+11	1.29731e+11	6.33912e+11	-4.54046e+11	1.37341e+12	-4.80721e+11	2.65793e+12	1.07419e+12	-2.75251e+12	-3.54647e+12
3.16e+09	-7.73066e+08	2.44343e+09	-5.72059e+09	-1.05226e+11	-1.1035e+11	1.04411e+11	6.75807e+09	-2.23968e+11	4.50425e+11	-6.36799e+11	1.30058e+12	-6.56589e+11	2.70557e+12	9.46681e+11	-2.83774e+12	-3.47877e+12
3.18e+09	-5.21228e+08	2.60057e+09	-2.8795e+10	-1.01415e+11	-2.22354e+09	-1.47543e+11	-1.97016e+11	1.17397e+11	2.17395e+11	-7.49348e+11	1.20544e+12	-8.21197e+11	2.7471e+12	8.17035e+11	-2.92131e+12	-3.40902e+12
3.2e+09	-2.4075e+08	2.6736e+09	-5.04862e+10	-9.26996e+10	1.1163e+11	1.02126e+11	1.99902e+11	1.10981e+11	-3.95202e+10	-7.79449e+11	1.08973e+12	-9.71781e+11	2.78243e+12	6.85547e+11	-3.00316e+12	-3.33728e+12
3.22e+09	4.2406e+07	2.6612e+09	-6.97629e+10	-7.95006e+10	-1.49106e+11	1.71266e+10	-1.49324e+10	-2.23374e+11	-2.92122e+11	-7.23865e+11	9.55485e+11	-1.10583e+12	2.81147e+12	5.52513e+11	-3.08324e+12	-3.26357e+12
3.24e+09	2.98291e+08	2.56735e+09	-8.57118e+10	-6.24588e+10	8.97116e+10	-1.17988e+11	-1.84019e+11	1.36181e+11	-5.12699e+11	-5.88676e+11	8.05045e+11	-1.22111e+12	2.83415e+12	4.18234e+11	-3.16152e+12	-3.18795e+12
3.26e+09	5.05246e+08	2.40457e+09	-9.76069e+10	-4.23672e+10	2.87671e+10	1.49308e+11	2.10244e+11	9.04974e+10	-6.7699e+11	-3.88638e+11	6.41e+11	-1.31573e+12	2.85043e+12	2.83014e+11	-3.23794e+12	-3.11046e+12
3.28e+09	6.44883e+08	2.19594e+09	-1.04881e+11	-2.01778e+10	-1.26896e+11	-7.68016e+10	-3.67049e+10	-2.21251e+11	-7.66804e+11	-1.45632e+11	4.66147e+11	-1.38813e+12	2.86026e+12	1.47157e+11	-3.31246e+12	-3.03114e+12
3.3e+09	7.04902e+08	1.96401e+09	-1.07185e+11	3.06183e+09	1.44722e+11	-3.97827e+10	-1.69609e+11	1.53097e+11	-7.7204e+11	1.13647e+11	2.8345e+11	-1.43713e+12	2.86361e+12	1.0971e+10	-3.38504e+12	-2.95004e+12
3.32e+09	6.86231e+08	1.73659e+09	-1.04411e+11	2.62505e+10	-6.62817e+10	1.35538e+11	2.18013e+11	6.87857e+10	-6.91867e+11	3.60564e+11	9.59924e+10	-1.46193e+12	2.86049e+12	-1.25236e+11	-3.45563e+12	-2.8672e+12
3.34e+09	5.94471e+08	1.54144e+09	-9.66936e+10	4.82864e+10	-5.31861e+10	-1.38628e+11	-5.8759e+10	-2.17092e+11	-5.34928e+11	5.67688e+11	-9.30722e+10	-1.46212e+12	2.85088e+12	-2.61156e+11	-3.52419e+12	-2.78269e+12
3.36e+09	4.45039e+08	1.39759e+09	-8.43937e+10	6.81565e+10	1.40084e+11	5.55441e+10	-1.54232e+11	1.68561e+11	-3.18477e+11	7.11878e+11	-2.80565e+11	-1.43769e+12	2.83482e+12	-3.96481e+11	-3.59068e+12	-2.69654e+12
3.38e+09	2.61786e+08	1.32292e+09	-6.80842e+10	8.49163e+10	-1.34372e+11	6.69038e+10	2.23094e+11	4.66278e+10	-6.6517e+10	7.76941e+11	-4.6333e+11	-1.38905e+12	2.81233e+12	-5.30904e+11	-3.65507e+12	-2.6088e+12
3.4e+09	6.82248e+07	1.32465e+09	-4.85205e+10	9.77674e+10	4.20154e+10	-1.42836e+11	-8.06506e+10	-2.10356e+11	1.92884e+11	7.55532e+11	-6.38285e+11	-1.31698e+12	2.78347e+12	-6.6412e+11	-3.71731e+12	-2.51954e+12
3.42e+09	-1.07401e+08	1.39849e+09	-2.66236e+10	1.06091e+11	7.77955e+10	1.29153e+11	-1.37646e+11	1.82992e+11	4.30789e+11	6.5003e+11	-8.02463e+11	-1.22266e+12	2.7483e+12	-7.95826e+11	-3.77737e+12	-2.4288e+12
3.44e+09	-2.40307e+08	1.53669e+09	-3.43258e+09	1.09485e+11	-1.47215e+11	-2.80656e+10	2.25902e+11	2.46249e+10	6.20701e+11	4.72271e+11	-9.53064e+11	-1.10763e+12	2.7069e+12	-9.25722e+11	-3.83522e+12	-2.33663e+12
3.46e+09	-3.13064e+08	1.71904e+09	1.99787e+10	1.07789e+11	1.20235e+11	-8.76063e+10	-1.01609e+11	-2.00967e+11	7.4158e+11	2.42164e+11	-1.0875e+12	-9.73775e+11	2.65936e+12	-1.05351e+12	-3.89081e+12	-2.24309e+12
3.48e+09	-3.11339e+08	1.92086e+09	4.24984e+10	1.01066e+11	-1.62193e+10	1.50671e+11	-1.19367e+11	1.96162e+11	7.80187e+11	-1.46234e+10	-1.20342e+12	-8.23322e+11	2.60578e+12	-1.17891e+12	-3.94413e+12	-2.14823e+12
3.5e+09	-2.33268e+08	2.11843e+09	6.30588e+10	8.96069e+10	-9.9351e+10	-1.10583e+11	2.27009e+11	2.79499e+09	7.32493e+11	-2.69598e+11	-1.29879e+12	-6.58775e+11	2.54628e+12	-1.30162e+12	-3.99513e+12	-2.05211e+12
3.52e+09	-8.51151e+07	2.28289e+09	8.06694e+10	7.39426e+10	1.49768e+11	4.28196e+09	-1.21021e+11	-1.894e+11	6.04024e+11	-4.94635e+11	-1.37189e+12	-4.82899e+11	2.48099e+12	-1.42137e+12	-4.04378e+12	-1.95479e+12
3.54e+09	1.21188e+08	2.3925e+09	9.4478e+10	5.48122e+10	-1.03043e+11	1.10826e+11	-9.93414e+10	2.07377e+11	4.09137e+11	-6.6506e+11	-1.42136e+12	-2.98675e+11	2.41007e+12	-1.53789e+12	-4.09006e+12	-1.85632e+12
3.56e+09	3.62278e+08	2.43186e+09	1.03828e+11	3.31092e+10	-1.0398e+10	-1.47332e+11	2.26499e+11	-1.93262e+10	1.69378e+11	-7.6228e+11	-1.44626e+12	-1.09254e+11	2.33367e+12	-1.6509e+12	-4.13395e+12	-1.75676e+12
3.58e+09	6.14095e+08	2.389e+09	1.08256e+11	9.8645e+09	1.18323e+11	9.48746e+10	-1.38773e+11	-1.7637e+11	-8.89034e+10	-7.75738e+11	-1.44602e+12	8.20977e+10	2.25196e+12	-1.76016e+12	-4.17541e+12	-1.65617e+12
3.6e+09	8.50509e+08	2.26577e+09	1.07522e+11	-1.38259e+10	-1.47135e+11	2.57459e+10	-7.80787e+10	2.16041e+11	-3.37387e+11	-7.03992e+11	-1.42055e+12	2.72046e+11	2.16514e+12	-1.86542e+12	-4.21442e+12	-1.55461e+12
3.62e+09	1.04298e+09	2.07026e+09	1.01642e+11	-3.68187e+10	8.30177e+10	-1.23675e+11	2.23841e+11	-4.19031e+10	-5.48808e+11	-5.54856e+11	-1.37017e+12	4.57253e+11	2.07338e+12	-1.96642e+12	-4.25097e+12	-1.45213e+12
3.64e+09	1.17209e+09	1.81716e+09	9.08868e+10	-5.8e+10	3.83259e+10	1.4673e+11	-1.55276e+11	-1.62277e+11	-6.99878e+11	-3.44595e+11	-1.29567e+12	6.34431e+11	1.97691e+12	-2.06295e+12	-4.28501e+12	-1.3488e+12
3.66e+09	1.22136e+09	1.53195e+09	7.57618e+10	-7.63566e+10	-1.30847e+11	-6.96013e+10	-5.63708e+10	2.22059e+11	-7.73811e+11	-9.62196e+10	-1.19826e+12	8.00409e+11	1.87594e+12	-2.15477e+12	-4.31655e+12	-1.24468e+12
3.68e+09	1.18161e+09	1.23974e+09	5.69879e+10	-9.09923e+10	1.42422e+11	-4.91462e+10	2.18475e+11	-6.44684e+10	-7.62217e+11	1.62942e+11	-1.07959e+12	9.52188e+11	1.7707e+12	-2.24169e+12	-4.34556e+12	-1.13983e+12
3.7e+09	1.05742e+09	9.68618e+08	3.54465e+10	-1.01191e+11	-5.76514e+10	1.38591e+11	-1.70935e+11	-1.4684e+11	-6.6612e+11	4.04206e+11	-9.4168e+11	1.087e+12	1.66143e+12	-2.3235e+12	-4.37202e+12	-1.03431e+12
3.72e+09	8.5702e+08	7.4673e+08	1.21793e+10	-1.06443e+11	-6.12853e+10	-1.35916e+11	-3.48134e+10	2.25873e+11	-4.95965e+11	6.00714e+11	-7.86934e+11	1.20237e+12	1.54837e+12	-2.4e+12	-4.39592e+12	-9.28186e+11
3.74e+09	5.99214e+08	5.93264e+08	-1.16823e+10	-1.06485e+11	1.43285e+11	4.61618e+10	2.10303e+11	-8.62059e+10	-2.70545e+11	7.30482e+11	-6.18062e+11	1.29616e+12	1.43178e+12	-2.47104e+12	-4.41724e+12	-8.21514e+11
3.76e+09	3.11065e+08	5.24131e+08	-3.49871e+10	-1.01318e+11	-1.3008e+11	7.4144e+10	-1.8551e+11	-1.29536e+11	-1.49341e+10	7.7895e+11	-4.38047e+11	1.36664e+12	1.31193e+12	-2.53644e+12	-4.43597e+12	-7.14359e+11
3.78e+09	1.75428e+07	5.45118e+08	-5.66012e+10	-9.11906e+10	3.31888e+10	-1.45885e+11	-1.34084e+10	2.28091e+11	2.42361e+11	7.40689e+11	-2.50109e+11	1.41251e+12	1.18909e+12	-2.59605e+12	-4.45211e+12	-6.06785e+11
3.8e+09	-2.51222e+08	6.5047e+08	-7.54869e+10	-7.65769e+10	8.52791e+10	1.23444e+11	1.99803e+11	-1.06445e+11	4.72665e+11	6.20029e+11	-5.76312e+10	1.43294e+12	1.06354e+12	-2.64974e+12	-4.46563e+12	-4.98855e+11
3.82e+09	-4.69112e+08	8.29732e+08	-9.07189e+10	-5.81879e+10	-1.48952e+11	-1.98198e+10	-1.98265e+11	-1.10257e+11	6.50404e+11	4.30533e+11	1.35909e+11	1.42755e+12	9.35565e+11	-2.69738e+12	-4.47654e+12	-3.90632e+11
3.84e+09	-6.1918e+08	1.06121e+09	-1.01558e+11	-3.69235e+10	1.14311e+11	-9.54071e+10	8.35005e+09	2.28835e+11	7.55975e+11	1.93391e+11	3.27011e+11	1.39642e+12	8.05453e+11	-2.73887e+12	-4.48483e+12	-2.82179e+11
3.86e+09	-6.86636e+08	1.31915e+09	-1.07491e+11	-1.38188e+10	-7.52153e+09	1.50757e+11	1.87722e+11	-1.25029e+11	7.77886e+11	-6.50228e+10	5.12226e+11	1.34014e+12	6.73505e+11	-2.77411e+12	-4.49049e+12	-1.7356e+11
3.88e+09	-6.69495e+08	1.57809e+09	-1.08241e+11	9.99979e+09	-1.06404e+11	-1.04919e+11	-2.08535e+11	-8.94679e+10	7.13943e+11	-3.16127e+11	6.88219e+11	1.25976e+12	5.4002e+11	-2.80302e+12	-4.49352e+12	-6.48382e+10
3.9e+09	-5.75172e+08	1.80872e+09	-1.03773e+11	3.34009e+10	1.49143e+11	-5.27293e+09	3.06905e+10	2.27581e+11	5.71393e+11	-5.3229e+11	8.51839e+11	1.15675e+12	4.05304e+11	-2.82552e+12	-4.49392e+12	4.39223e+10
3.92e+09	-4.15129e+08	1.9892e+09	-9.43084e+10	5.52458e+10	-9.67983e+10	1.16481e+11	1.74516e+11	-1.42355e+11	3.66046e+11	-6.8982e+11	1.00018e+12	1.03302e+12	2.69664e+11	-2.84158e+12	-4.49169e+12	1.52658e+11
3.94e+09	-2.12545e+08	2.1033e+09	-8.03198e+10	7.4479e+10	-2.00082e+10	-1.46736e+11	-2.16142e+11	-6.7966e+10	1.20514e+11	-7.71487e+11	1.13062e+12	8.9084e+11	1.33409e+11	-2.85115e+12	-4.48682e+12	2.61305e+11
3.96e+09	7.88208e+06	2.13917e+09	-6.24983e+10	9.01833e+10	1.23124e+11	8.73144e+10	5.32166e+10	2.23739e+11	-1.3825e+11	-7.68349e+11	1.24092e+12	7.32813e+11	-3.14938e+09	-2.8542e+12	-4.47933e+12	3.698e+11
3.98e+09	2.21275e+08	2.09891e+09	-4.17184e+10	1.01614e+11	-1.46049e+11	3.45034e+10	1.59948e+11	-1.58848e+11	-3.81841e+11	-6.80698e+11	1.32917e+12	5.61803e+11	-1.39702e+11	-2.85073e+12	-4.46922e+12	4.7808e+11
4e+09	3.99862e+08	1.98984e+09	-1.8961e+10	1.0824e+11	7.4639e+10	-1.28484e+11	-2.21461e+11	-4.63955e+10	-5.83457e+11	-5.1805e+11	1.39391e+12	3.80887e+11	-2.75936e+11	-2.84076e+12	-4.45648e+12	5.8608e+11
4.02e+09	5.24494e+08	1.82645e+09	4.66931e+09	1.09747e+11	4.64187e+10	1.44221e+11	7.51661e+10	2.17149e+11	-7.20799e+11	-2.9817e+11	1.43412e+12	1.93293e+11	-4.11541e+11	-2.82429e+12	-4.44114e+12	6.93738e+11
4.04e+09	5.80711e+08	1.63385e+09	2.80314e+10	1.0608e+11	-1.35542e+11	-6.13632e+10	1.43517e+11	-1.7431e+11	-7.78542e+11	-4.51996e+10	1.44919e+12	2.33896e+09	-5.46207e+11	-2.80138e+12	-4.4232e+12	8.0099e+11
4.06e+09	5.60485e+08	1.43527e+09	5.00055e+10	9.74348e+10	1.38507e+11	-5.74088e+10	-2.25062e+11	-2.48156e+10	-7.5009e+11	2.12939e+11	1.43898e+12	-1.88631e+11	-6.79628e+11	-2.77207e+12	-4.40268e+12	9.07775e+11
4.08e+09	4.68931e+08	1.25728e+09	6.95428e+10	8.42478e+10	-4.97586e+10	1.42186e+11	9.587e+10	2.08213e+11	-6.38392e+11	4.47611e+11	1.40379e+12	-3.76302e+11	-8.11496e+11	-2.73643e+12	-4.37957e+12	1.01403e+12
4.1e+09	3.15949e+08	1.12617e+09	8.57391e+10	6.71415e+10	-6.99575e+10	-1.31532e+11	1.25104e+11	-1.88049e+11	-4.55703e+11	6.32673e+11	1.34435e+12	-5.57448e+11	-9.41513e+11	-2.69454e+12	-4.3539e+12	1.11969e+12
4.12e+09	1.20353e+08	1.05763e+09	9.78194e+10	4.69441e+10	1.45324e+11	3.78976e+10	-2.27071e+11	-2.77437e+09	-2.22271e+11	7.47454e+11	1.26178e+12	-7.28986e+11	-1.06938e+12	-2.6465e+12	-4.32568e+12	1.2247e+12
4.14e+09	-9.16874e+07	1.06497e+09	1.05217e+11	2.46326e+10	-1.25756e+11	8.24681e+10	1.15148e+11	1.97622e+11	3.59243e+10	7.79127e+11	1.15761e+12	-8.88019e+11	-1.19481e+12	-2.59242e+12	-4.29493e+12	1.32899e+12
4.16e+09	-2.95652e+08	1.15143e+09	1.07595e+11	1.28064e+09	2.39769e+10	-1.47016e+11	1.05149e+11	-1.99425e+11	2.90116e+11	7.24188e+11	1.03369e+12	-1.03189e+12	-1.31751e+12	-2.53242e+12	-4.26166e+12	1.4325e+12
4.18e+09	-4.6369e+08	1.3077e+09	1.04859e+11	-2.19917e+10	9.23773e+10	1.18679e+11	-2.26974e+11	1.99238e+10	5.12024e+11	5.88847e+11	8.92201e+11	-1.1582e+12	-1.4372e+12	-2.46664e+12	-4.22591e+12	1.53518e+12
4.2e+09	-5.72684e+08	1.5216e+09	9.71453e+10	-4.411e+10	-1.50017e+11	-1.01033e+10	1.33374e+11	1.85796e+11	6.77055e+11	3.88278e+11	7.35602e+11	-1.26487e+12	-1.55361e+12	-2.39522e+12	-4.18768e+12	1.63696e+12
4.22e+09	-6.0816e+08	1.77016e+09	8.48262e+10	-6.40146e+10	1.08296e+11	-1.01476e+11	8.44097e+10	-2.08269e+11	7.67043e+11	1.4486e+11	5.66582e+11	-1.35017e+12	-1.66648e+12	-2.31834e+12	-4.147e+12	1.73778e+12
4.24e+09	-5.59079e+08	2.02588e+09	6.84998e+10	-8.07603e+10	1.71703e+09	1.51604e+11	-2.24189e+11	4.28498e+10	7.72219e+11	-1.14386e+11	3.88019e+11	-1.41269e+12	-1.77555e+12	-2.23618e+12	-4.10389e+12	1.83759e+12
4.26e+09	-4.2734e+08	2.26396e+09	4.89539e+10	-9.35553e+10	-1.12394e+11	-9.76419e+10	1.50957e+11	1.72458e+11	6.92211e+11	-3.60819e+11	2.02938e+11	-1.45143e+12	-1.88057e+12	-2.1489e+12	-4.05839e+12	1.93633e+12
4.28e+09	-2.23197e+08	2.45596e+09	2.71323e+10	-1.01803e+11	1.48803e+11	-1.36902e+10	6.35115e+10	-2.14957e+11	5.36003e+11	-5.67329e+11	1.44602e+10	-1.46576e+12	-1.9813e+12	-2.05673e+12	-4.01051e+12	2.03393e+12
4.3e+09	3.84699e+07	2.58069e+09	4.04108e+09	-1.0513e+11	-8.92095e+10	1.22705e+11	-2.18572e+11	6.52192e+10	3.20885e+11	-7.11272e+11	-1.7424e+11	-1.45546e+12	-2.07752e+12	-1.95987e+12	-3.96028e+12	2.13034e+12
4.32e+09	3.3147e+08	2.62481e+09	-1.92163e+10	-1.03374e+11	-2.84085e+10	-1.44749e+11	1.6766e+11	1.57072e+11	7.05407e+10	-7.76885e+11	-3.59987e+11	-1.42069e+12	-2.169e+12	-1.85854e+12	-3.90774e+12	2.22551e+12
4.34e+09	6.29636e+08	2.57904e+09	-4.15315e+10	-9.66265e+10	1.28709e+11	8.01223e+10	4.24791e+10	-2.20068e+11	-1.87521e+11	-7.56977e+11	-5.39652e+11	-1.362e+12	-2.25554e+12	-1.75298e+12	-3.85291e+12	2.31938e+12
4.36e+09	9.06479e+08	2.44758e+09	-6.18421e+10	-8.52127e+10	-1.43114e+11	4.3656e+10	-2.10551e+11	8.6343e+10	-4.24935e+11	-6.53695e+11	-7.10202e+11	-1.28033e+12	-2.33694e+12	-1.64342e+12	-3.79583e+12	2.41189e+12
4.38e+09	1.13322e+09	2.24155e+09	-7.91852e+10	-6.96884e+10	6.73518e+10	-1.32484e+11	1.8275e+11	1.39486e+11	-6.15546e+11	-4.78318e+11	-8.68758e+11	-1.17701e+12	-2.41301e+12	-1.53011e+12	-3.73653e+12	2.50299e+12
4.4e+09	1.29147e+09	1.97805e+09	-9.27669e+10	-5.07683e+10	5.57533e+10	1.41325e+11	2.08141e+10	-2.23726e+11	-7.38271e+11	-2.50068e+11	-1.01262e+12	-1.05373e+12	-2.48359e+12	-1.41332e+12	-3.67504e+12	2.59263e+12
4.42e+09	1.36719e+09	1.68405e+09	-1.01933e+11	-2.93496e+10	-1.38304e+11	-5.29616e+10	-2.00851e+11	1.0602e+11	-7.79433e+11	5.95167e+09	-1.13932e+12	-9.12538e+11	-2.5485e+12	-1.2933e+12	-3.61141e+12	2.68076e+12
4.44e+09	1.35305e+09	1.38559e+09	-1.06247e+11	-6.44925e+09	1.355e+11	-6.57121e+10	1.95521e+11	1.20126e+11	-7.34314e+11	2.61476e+11	-1.24664e+12	-7.55779e+11	-2.60762e+12	-1.17034e+12	-3.54567e+12	2.76732e+12
4.46e+09	1.25627e+09	1.11033e+09	-1.05498e+11	1.68433e+10	-4.03103e+10	1.44827e+11	-1.73931e+09	-2.25395e+11	-6.07746e+11	4.88181e+11	-1.33266e+12	-5.86079e+11	-2.6608e+12	-1.04472e+12	-3.47785e+12	2.85226e+12
4.48e+09	1.08771e+09	8.84975e+08	-9.97281e+10	3.94176e+10	-7.70703e+10	-1.27271e+11	-1.89945e+11	1.2463e+11	-4.13636e+11	6.60846e+11	-1.39582e+12	-4.063e+11	-2.70792e+12	-9.16708e+11	-3.408e+12	2.93554e+12
4.5e+09	8.66958e+08	7.26411e+08	-8.91979e+10	6.02367e+10	1.48051e+11	2.87031e+10	2.05737e+11	9.97725e+10	-1.73469e+11	7.60194e+11	-1.43492e+12	-2.19497e+11	-2.74889e+12	-7.86611e+11	-3.33616e+12	3.0171e+12
4.52e+09	6.21919e+08	6.47732e+08	-7.43936e+10	7.83021e+10	-1.19861e+11	8.95189e+10	-2.48047e+10	-2.24432e+11	8.6073e+10	7.75102e+11	-1.44916e+12	-2.88745e+10	-2.78361e+12	-6.54722e+11	-3.26237e+12	3.0969e+12
4.54e+09	3.77127e+08	6.51801e+08	-5.60086e+10	9.27464e+10	1.56538e+10	-1.48718e+11	-1.77606e+11	1.42634e+11	3.36108e+11	7.03887e+11	-1.43818e+12	1.62266e+11	-2.812e+12	-5.21341e+11	-3.18667e+12	3.17489e+12
4.56e+09	1.60356e+08	7.29967e+08	-3.49113e+10	1.02871e+11	9.99681e+10	1.12252e+11	2.13721e+11	7.9096e+10	5.48822e+11	5.54499e+11	-1.40205e+12	3.50583e+11	-2.834e+12	-3.86771e+11	-3.10911e+12	3.25102e+12
4.58e+09	-4.48545e+06	8.69843e+08	-1.2107e+10	1.08186e+11	-1.49858e+11	-1.67208e+09	-4.76107e+10	-2.20606e+11	7.00615e+11	3.43617e+11	-1.34127e+12	5.32754e+11	-2.84956e+12	-2.51319e+11	-3.02973e+12	3.32526e+12
4.6e+09	-1.03904e+08	1.04852e+09	1.13529e+10	1.08436e+11	1.02373e+11	-1.08593e+11	-1.63291e+11	1.59866e+11	7.74733e+11	9.47285e+10	-1.25681e+12	7.05533e+11	-2.85866e+12	-1.15291e+11	-2.94858e+12	3.39755e+12
4.62e+09	-1.27377e+08	1.23982e+09	3.43477e+10	1.03584e+11	1.12364e+10	1.50405e+11	2.20045e+11	5.81932e+10	7.63115e+11	-1.64534e+11	-1.15006e+12	8.65816e+11	-2.86126e+12	2.10036e+10	-2.86571e+12	3.46786e+12
4.64e+09	-7.63145e+07	1.41974e+09	5.5775e+10	9.38405e+10	-1.17874e+11	-9.15258e+10	-6.94443e+10	-2.14268e+11	6.67219e+11	-4.05501e+11	-1.02283e+12	1.0107e+12	-2.85737e+12	1.57255e+11	-2.78117e+12	3.53614e+12
4.66e+09	3.80822e+07	1.56103e+09	7.45987e+10	7.96534e+10	1.4783e+11	-2.35829e+10	-1.46809e+11	1.75641e+11	4.97786e+11	-6.01636e+11	-8.77317e+11	1.13754e+12	-2.847e+12	2.93154e+11	-2.695e+12	3.60235e+12
4.68e+09	2.01224e+08	1.64489e+09	8.99052e+10	6.1696e+10	-8.15664e+10	1.26964e+11	2.24859e+11	3.66061e+10	2.73595e+11	-7.31424e+11	-7.16069e+11	1.244e+12	-2.83018e+12	4.28394e+11	-2.60725e+12	3.66647e+12
4.7e+09	3.88402e+08	1.65975e+09	1.0097e+11	4.07987e+10	-3.71889e+10	-1.43707e+11	-9.00562e+10	-2.06089e+11	1.93644e+10	-7.80679e+11	-5.4194e+11	1.32812e+12	-2.80694e+12	5.62667e+11	-2.51798e+12	3.72844e+12
4.72e+09	5.7397e+08	1.59799e+09	1.07236e+11	1.79552e+10	1.33134e+11	7.12356e+10	-1.28534e+11	1.89279e+11	-2.36952e+11	-7.44047e+11	-3.58041e+11	1.38833e+12	-2.77734e+12	6.9567e+11	-2.42724e+12	3.78823e+12
4.74e+09	7.33676e+08	1.46634e+09	1.08379e+11	-5.74254e+09	-1.4051e+11	5.13347e+10	2.2766e+11	1.40929e+10	-4.67191e+11	-6.25552e+11	-1.67673e+11	1.42352e+12	-2.74145e+12	8.27101e+11	-2.33508e+12	3.84581e+12
4.76e+09	8.41929e+08	1.277e+09	1.04324e+11	-2.91498e+10	5.88063e+10	-1.3721e+11	-1.09769e+11	-1.96508e+11	-6.46019e+11	-4.38172e+11	2.57333e+10	1.43301e+12	-2.69936e+12	9.56663e+11	-2.24156e+12	3.90114e+12
4.78e+09	8.82555e+08	1.04755e+09	9.52555e+10	-5.11285e+10	6.37257e+10	1.36825e+11	-1.09204e+11	2.00542e+11	-7.53679e+11	-2.0245e+11	2.18685e+11	1.41665e+12	-2.65116e+12	1.08406e+12	-2.14673e+12	3.9542e+12
4.8e+09	8.45152e+08	8.05794e+08	8.15948e+10	-7.0636e+10	-1.41859e+11	-4.5288e+10	2.27828e+11	-8.97752e+09	-7.78172e+11	5.56951e+10	4.077e+11	1.37473e+12	-2.59696e+12	1.20901e+12	-2.05064e+12	4.00495e+12
4.82e+09	7.26215e+08	5.76664e+08	6.39893e+10	-8.67151e+10	1.30583e+11	-7.45141e+10	-1.28994e+11	-1.85291e+11	-7.16618e+11	3.07771e+11	5.89373e+11	1.30804e+12	-2.53688e+12	1.33123e+12	-1.95336e+12	4.05336e+12
4.84e+09	5.35408e+08	3.8602e+08	4.32767e+10	-9.85735e+10	-3.22131e+10	1.46365e+11	-8.94452e+10	2.09746e+11	-5.75653e+11	5.25833e+11	7.60445e+11	1.21782e+12	-2.47106e+12	1.45044e+12	-1.85493e+12	4.0994e+12
4.86e+09	2.86796e+08	2.59176e+08	2.04596e+10	-1.05623e+11	-8.54652e+10	-1.22936e+11	2.25145e+11	-3.18358e+10	-3.70771e+11	6.85603e+11	9.17868e+11	1.10575e+12	-2.39966e+12	1.56637e+12	-1.75542e+12	4.14305e+12
4.88e+09	2.60106e+06	2.09653e+08	-3.34824e+09	-1.07518e+11	1.48627e+11	1.92026e+10	-1.47529e+11	-1.71895e+11	-1.24655e+11	7.69215e+11	1.05886e+12	9.73917e+11	-2.32283e+12	1.67876e+12	-1.65489e+12	4.18428e+12
4.9e+09	-2.88364e+08	2.47027e+08	-2.70112e+10	-1.04171e+11	-1.15144e+11	9.62576e+10	-6.9316e+10	2.17446e+11	1.35335e+11	7.67277e+11	1.18096e+12	8.24729e+11	-2.24075e+12	1.78737e+12	-1.55339e+12	4.22306e+12
4.92e+09	-5.60432e+08	3.71516e+08	-4.9376e+10	-9.57385e+10	5.67743e+09	-1.49647e+11	2.19975e+11	-5.37712e+10	3.80244e+11	6.7997e+11	1.28207e+12	6.60913e+11	-2.15361e+12	1.89194e+12	-1.45098e+12	4.25938e+12
4.94e+09	-7.85584e+08	5.70236e+08	-6.93585e+10	-8.26218e+10	1.05625e+11	1.05834e+11	-1.64645e+11	-1.56117e+11	5.82805e+11	5.17048e+11	1.36046e+12	4.85434e+11	-2.06161e+12	1.99224e+12	-1.34773e+12	4.29322e+12
4.96e+09	-9.4136e+08	8.27392e+08	-8.59848e+10	-6.54609e+10	-1.50658e+11	7.36998e+09	-4.83264e+10	2.23777e+11	7.20539e+11	2.96722e+11	1.41486e+12	3.01435e+11	-1.96496e+12	2.08805e+12	-1.24369e+12	4.32455e+12
4.98e+09	-1.01549e+09	1.118e+09	-9.84499e+10	-4.51e+10	9.4647e+10	-1.1453e+11	2.13014e+11	-7.45404e+10	7.78272e+11	4.35622e+10	1.44439e+12	1.12176e+11	-1.86387e+12	2.17915e+12	-1.13892e+12	4.35335e+12
5e+09	-9.99189e+08	1.41276e+09	-1.06173e+11	-2.25213e+10	1.94111e+10	1.4961e+11	-1.79608e+11	-1.3834e+11	7.49801e+11	-2.14304e+11	1.44865e+12	-7.90293e+10	-1.75857e+12	2.26534e+12	-1.03349e+12	4.37961e+12
5.02e+09	-8.96834e+08	1.68612e+09	-1.08788e+11	1.17674e+09	-1.24082e+11	-8.39629e+10	-2.61876e+10	2.28203e+11	6.385e+11	-4.48371e+11	1.42771e+12	-2.68862e+11	-1.64931e+12	2.34641e+12	-9.27452e+11	4.40331e+12
5.04e+09	-7.21751e+08	1.91062e+09	-1.0617e+11	2.48581e+10	1.45297e+11	-3.21398e+10	2.04725e+11	-9.45021e+10	4.56845e+11	-6.32914e+11	1.38204e+12	-4.54046e+11	-1.53633e+12	2.4222e+12	-8.20875e+11	4.42445e+12
5.06e+09	-4.90451e+08	2.06633e+09	-9.84587e+10	4.73743e+10	-7.44873e+10	1.32117e+11	-1.92126e+11	-1.1934e+11	2.24962e+11	-7.4776e+11	1.31256e+12	-6.31411e+11	-1.41988e+12	2.49253e+12	-7.13819e+11	4.443e+12
5.08e+09	-2.30249e+08	2.14209e+09	-8.60432e+10	6.76388e+10	-4.65243e+10	-1.40682e+11	-3.22589e+09	2.30042e+11	-3.16253e+10	-7.80419e+11	1.22057e+12	-7.97942e+11	-1.30023e+12	2.55724e+12	-6.06347e+11	4.45896e+12
5.1e+09	3.19953e+07	2.13134e+09	-6.95362e+10	8.47004e+10	1.36585e+11	6.36019e+10	1.94879e+11	-1.14116e+11	-2.84766e+11	-7.27368e+11	1.10774e+12	-9.50831e+11	-1.17765e+12	2.61619e+12	-4.98521e+11	4.47231e+12
5.12e+09	2.71269e+08	2.04062e+09	-4.97442e+10	9.77483e+10	-1.37671e+11	6.03743e+10	-2.02487e+11	-9.98175e+10	-5.06695e+11	-5.94402e+11	9.76044e+11	-1.08752e+12	-1.05242e+12	2.66925e+12	-3.90404e+11	4.48305e+12
5.14e+09	4.6049e+08	1.88309e+09	-2.76081e+10	1.0617e+11	4.99622e+10	-1.39861e+11	1.97954e+10	2.28995e+11	-6.73004e+11	-3.96018e+11	8.27794e+11	-1.20574e+12	-9.24812e+11	2.71629e+12	-2.82059e+11	4.49118e+12
5.16e+09	5.83475e+08	1.67722e+09	-4.19899e+09	1.09572e+11	7.15677e+10	1.33391e+11	1.82904e+11	-1.33245e+11	-7.65273e+11	-1.53909e+11	6.65543e+11	-1.30354e+12	-7.95122e+11	2.75722e+12	-1.73549e+11	4.49668e+12
5.18e+09	6.29918e+08	1.45032e+09	1.93543e+10	1.07809e+11	-1.44589e+11	-3.59073e+10	-2.11265e+11	-7.98888e+10	-7.7312e+11	1.05333e+11	4.92061e+11	-1.37931e+12	-6.63641e+11	2.79195e+12	-6.49389e+10	4.49956e+12
5.2e+09	5.95364e+08	1.22772e+09	4.1937e+10	1.00988e+11	1.25684e+11	-8.15848e+10	4.21193e+10	2.25353e+11	-6.95421e+11	3.53073e+11	3.10292e+11	-1.43181e+12	-5.30666e+11	2.82039e+12	4.37093e+10	4.49981e+12
5.22e+09	4.89907e+08	1.03528e+09	6.24745e+10	8.94548e+10	-2.33232e+10	1.48727e+11	1.6853e+11	-1.51205e+11	-5.40543e+11	5.6178e+11	1.23306e+11	-1.4602e+12	-3.96496e+11	2.84249e+12	1.52332e+11	4.49743e+12
5.24e+09	3.27544e+08	8.97093e+08	8.00094e+10	7.37519e+10	-9.27052e+10	-1.1689e+11	-2.18645e+11	-5.90999e+10	-3.25518e+11	7.08131e+11	-6.57494e+10	-1.46399e+12	-2.61434e+11	2.85818e+12	2.60865e+11	4.49243e+12
5.26e+09	1.29073e+08	8.26229e+08	9.37073e+10	5.46386e+10	1.49649e+11	1.07789e+10	6.34363e+10	2.19771e+11	-7.42005e+10	7.75691e+11	-2.53695e+11	-1.44314e+12	-1.25783e+11	2.86745e+12	3.69245e+11	4.4848e+12
5.28e+09	-7.69507e+07	8.31616e+08	1.02927e+11	3.30366e+10	-1.08873e+11	1.0364e+11	1.52056e+11	-1.67263e+11	1.85403e+11	7.56842e+11	-4.37368e+11	-1.39798e+12	1.01506e+10	2.87026e+12	4.77409e+11	4.47456e+12
5.3e+09	-2.66262e+08	9.12007e+08	1.0725e+11	9.97493e+09	-3.0964e+09	-1.49208e+11	-2.24142e+11	-3.7164e+10	4.24326e+11	6.53689e+11	-6.13671e+11	-1.32925e+12	1.46063e+11	2.86661e+12	5.85295e+11	4.4617e+12
5.32e+09	-4.13611e+08	1.05424e+09	1.06487e+11	-1.34464e+10	1.12199e+11	9.96657e+10	8.4044e+10	2.1272e+11	6.1596e+11	4.77819e+11	-7.7962e+11	-1.23807e+12	2.81647e+11	2.85651e+12	6.92838e+11	4.44623e+12
5.34e+09	-4.98071e+08	1.24269e+09	1.00673e+11	-3.61423e+10	-1.49531e+11	1.68421e+10	1.34191e+11	-1.81092e+11	7.39079e+11	2.48938e+11	-9.32386e+11	-1.12593e+12	4.16599e+11	2.83999e+12	7.99977e+11	4.42817e+12
5.36e+09	-5.10095e+08	1.45229e+09	9.00892e+10	-5.70305e+10	8.79998e+10	-1.19772e+11	-2.27107e+11	-1.43816e+10	7.80205e+11	-7.42006e+09	-1.06935e+12	-9.94677e+11	5.50615e+11	2.81708e+12	9.06649e+11	4.40753e+12
5.38e+09	-4.44208e+08	1.6553e+09	7.52456e+10	-7.51214e+10	2.89514e+10	1.48339e+11	1.04374e+11	2.03989e+11	7.35037e+11	-2.62814e+11	-1.18812e+12	-8.46485e+11	6.83392e+11	2.78784e+12	1.01279e+12	4.38431e+12
5.4e+09	-3.06267e+08	1.82845e+09	5.68548e+10	-8.95666e+10	-1.28431e+11	-7.62078e+10	1.15599e+11	-1.92927e+11	6.08818e+11	-4.8908e+11	-1.28663e+12	-6.83823e+11	8.14631e+11	2.75232e+12	1.11834e+12	4.35853e+12
5.42e+09	-1.11797e+08	1.9462e+09	3.57976e+10	-9.96889e+10	1.43589e+11	-4.08838e+10	-2.27255e+11	8.52239e+09	4.15655e+11	-6.61413e+11	-1.3631e+12	-5.09423e+11	9.44037e+11	2.71062e+12	1.22324e+12	4.3302e+12
5.44e+09	1.20846e+08	1.992e+09	1.30435e+10	-1.05018e+11	-6.58345e+10	1.36294e+11	1.24257e+11	1.93019e+11	1.76892e+11	-7.61012e+11	-1.41612e+12	-3.26237e+11	1.07132e+12	2.66282e+12	1.32742e+12	4.29935e+12
5.46e+09	3.64588e+08	1.95837e+09	-1.03232e+10	-1.05297e+11	-5.44642e+10	-1.37808e+11	9.63767e+10	-2.03299e+11	-8.12399e+10	-7.7705e+11	-1.44469e+12	-1.37394e+11	1.19619e+12	2.60903e+12	1.43083e+12	4.26598e+12
5.48e+09	5.92349e+08	1.84142e+09	-3.31916e+10	-1.00515e+11	1.40644e+11	5.49089e+10	-2.24876e+11	3.08161e+10	-3.30441e+11	-7.0779e+11	-1.44819e+12	5.38522e+10	1.31837e+12	2.54937e+12	1.5334e+12	4.23013e+12
5.5e+09	7.79643e+08	1.65145e+09	-5.44783e+10	-9.09053e+10	-1.33353e+11	6.824e+10	1.43001e+11	1.79561e+11	-5.43367e+11	-5.60764e+11	-1.42646e+12	2.44175e+11	1.43758e+12	2.48397e+12	1.63508e+12	4.1918e+12
5.52e+09	9.01774e+08	1.405e+09	-7.31743e+10	-7.69322e+10	4.17547e+10	-1.4307e+11	7.60546e+10	-2.1235e+11	-6.96554e+11	-3.51993e+11	-1.37976e+12	4.30234e+11	1.55355e+12	2.41299e+12	1.7358e+12	4.15102e+12
5.54e+09	9.44405e+08	1.12228e+09	-8.84151e+10	-5.92338e+10	7.98051e+10	1.28289e+11	-2.20623e+11	5.22067e+10	-7.72979e+11	-1.04328e+11	-1.30881e+12	6.0873e+11	1.66603e+12	2.33658e+12	1.8355e+12	4.10782e+12
5.56e+09	8.99694e+08	8.33202e+08	-9.94674e+10	-3.86476e+10	-1.46299e+11	-2.76662e+10	1.59861e+11	1.63924e+11	-7.63971e+11	1.5498e+11	-1.21475e+12	7.76471e+11	1.77476e+12	2.25491e+12	1.93414e+12	4.06222e+12
5.58e+09	7.66912e+08	5.64563e+08	-1.05803e+11	-1.61517e+10	1.20625e+11	-8.96793e+10	5.4326e+10	-2.19553e+11	-6.70277e+11	3.97224e+11	-1.09914e+12	9.30426e+11	1.87949e+12	2.16817e+12	2.03164e+12	4.01425e+12
5.6e+09	5.58941e+08	3.41895e+08	-1.0712e+11	7.18393e+09	-1.42299e+10	1.49205e+11	-2.14967e+11	7.30147e+10	-5.02089e+11	5.95432e+11	-9.63947e+11	1.0678e+12	1.97999e+12	2.07654e+12	2.12796e+12	3.96393e+12
5.62e+09	2.92578e+08	1.89749e+08	-1.03359e+11	3.02481e+10	-9.9678e+10	-1.11749e+11	1.74492e+11	1.46842e+11	-2.77994e+11	7.27438e+11	-8.11503e+11	1.18608e+12	2.07603e+12	1.98025e+12	2.22304e+12	3.9113e+12
5.64e+09	-8.08497e+06	1.20304e+08	-9.46806e+10	5.19765e+10	1.49858e+11	9.98005e+08	3.14864e+10	-2.24193e+11	-2.29228e+10	7.78444e+11	-6.44482e+11	1.28311e+12	2.1674e+12	1.8795e+12	2.31681e+12	3.85638e+12
5.66e+09	-3.12675e+08	1.4027e+08	-8.14848e+10	7.1324e+10	-1.0266e+11	1.09357e+11	-2.07695e+11	9.3721e+10	2.34686e+11	7.42753e+11	-4.65857e+11	1.35711e+12	2.25388e+12	1.77452e+12	2.40924e+12	3.79921e+12
5.68e+09	-5.95647e+08	2.47565e+08	-6.43941e+10	8.73619e+10	-1.24948e+10	-1.49429e+11	1.8713e+11	1.29016e+11	4.66132e+11	6.24415e+11	-2.7883e+11	1.4067e+12	2.33528e+12	1.66555e+12	2.50025e+12	3.73982e+12
5.7e+09	-8.3021e+08	4.27184e+08	-4.42186e+10	9.93164e+10	1.17572e+11	9.20251e+10	8.28062e+09	-2.25916e+11	6.45718e+11	4.36727e+11	-8.67664e+10	1.43096e+12	2.41142e+12	1.55283e+12	2.5898e+12	3.67825e+12
5.72e+09	-9.95319e+08	6.61303e+08	-2.1923e+10	1.06611e+11	-1.48788e+11	2.5266e+10	-1.98201e+11	1.14212e+11	7.53633e+11	2.00672e+11	1.06865e+11	1.42942e+12	2.48213e+12	1.43661e+12	2.67784e+12	3.61452e+12
5.74e+09	-1.08162e+09	9.24519e+08	1.46411e+09	1.08894e+11	7.99542e+10	-1.2543e+11	1.98342e+11	1.10588e+11	7.78115e+11	-5.75019e+10	2.98565e+11	1.40212e+12	2.54723e+12	1.31715e+12	2.76432e+12	3.54869e+12
5.76e+09	-1.08304e+09	1.1879e+09	2.48205e+10	1.06032e+11	3.7173e+10	1.4582e+11	-1.4506e+10	-2.24957e+11	7.16671e+11	-3.09239e+11	4.84873e+11	1.34954e+12	2.60659e+12	1.19473e+12	2.84917e+12	3.48078e+12
5.78e+09	-1.00589e+09	1.42711e+09	4.70202e+10	9.81479e+10	-1.33612e+11	-6.87019e+10	-1.86156e+11	1.33809e+11	5.76259e+11	-5.26828e+11	6.62434e+11	1.27266e+12	2.66007e+12	1.06961e+12	2.93237e+12	3.41083e+12
5.8e+09	-8.65993e+08	1.61715e+09	6.69885e+10	8.56074e+10	1.39994e+11	-4.98357e+10	2.08332e+11	9.10922e+10	3.72452e+11	-6.86408e+11	8.28067e+11	1.17291e+12	2.70755e+12	9.42091e+11	3.01385e+12	3.3389e+12
5.82e+09	-6.80783e+08	1.74095e+09	8.37568e+10	6.90105e+10	-5.83404e+10	1.39796e+11	-3.65026e+10	-2.21947e+11	1.27693e+11	-7.70513e+11	9.78825e+11	1.05213e+12	2.74892e+12	8.12447e+11	3.09356e+12	3.26501e+12
5.84e+09	-4.77373e+08	1.79066e+09	9.65302e+10	4.91213e+10	-6.36371e+10	-1.34406e+11	-1.71798e+11	1.51752e+11	-1.31142e+11	-7.69926e+11	1.11205e+12	9.12536e+11	2.78408e+12	6.80975e+11	3.17147e+12	3.18921e+12
5.86e+09	-2.82402e+08	1.76317e+09	1.04669e+11	2.68911e+10	1.42745e+11	4.62488e+10	2.16627e+11	7.01865e+10	-3.75632e+11	-6.84659e+11	1.22543e+12	7.56687e+11	2.81295e+12	5.47969e+11	3.24752e+12	3.11155e+12
5.88e+09	-1.1853e+08	1.66821e+09	1.07762e+11	3.39325e+09	-1.29948e+11	7.62779e+10	-5.79644e+10	-2.17376e+11	-5.78872e+11	-5.23975e+11	1.31701e+12	5.87412e+11	2.83547e+12	4.13732e+11	3.32168e+12	3.03207e+12
5.9e+09	-9.77166e+06	1.52168e+09	1.05644e+11	-2.02327e+10	3.20482e+10	-1.45159e+11	-1.55804e+11	1.67649e+11	-7.18389e+11	-3.05431e+11	1.38528e+12	4.07761e+11	2.85158e+12	2.78565e+11	3.39389e+12	2.95082e+12
5.92e+09	3.08811e+07	1.34369e+09	9.84129e+10	-4.28341e+10	8.64846e+10	1.23482e+11	2.22538e+11	4.81007e+10	-7.7863e+11	-5.30266e+10	1.42912e+12	2.20945e+11	2.86124e+12	1.42772e+11	3.46411e+12	2.86784e+12
5.94e+09	-2.00995e+06	1.16244e+09	8.64009e+10	-6.33425e+10	-1.48638e+11	-1.83763e+10	-7.93263e+10	-2.11075e+11	-7.52734e+11	2.05381e+11	1.44789e+12	3.0274e+10	2.86443e+12	6.66097e+09	3.53231e+12	2.78319e+12
5.96e+09	-1.08489e+08	1.00263e+09	7.01771e+10	-8.07469e+10	1.14092e+11	-9.63258e+10	-1.38845e+11	1.81666e+11	-6.43381e+11	4.41136e+11	1.44137e+12	-1.60907e+11	2.86114e+12	-1.29462e+11	3.59845e+12	2.6969e+12
5.98e+09	-2.74586e+08	8.87936e+08	5.05257e+10	-9.41891e+10	-5.9742e+09	1.50377e+11	2.25704e+11	2.55248e+10	-4.62571e+11	6.27991e+11	1.4098e+12	-3.49275e+11	2.85137e+12	-2.65289e+11	3.66248e+12	2.60905e+12
6e+09	-4.8222e+08	8.39652e+08	2.84026e+10	-1.03006e+11	-1.07025e+11	-1.04847e+11	-1.00473e+11	-2.02486e+11	-2.30339e+11	7.45088e+11	1.35385e+12	-5.31586e+11	2.83515e+12	-4.00514e+11	3.72437e+12	2.51966e+12
6.02e+09	-7.08382e+08	8.66556e+08	4.89356e+09	-1.06769e+11	1.48948e+11	-7.34777e+09	-1.21065e+11	1.94311e+11	2.74768e+10	7.79351e+11	1.27458e+12	-7.04731e+11	2.81251e+12	-5.34831e+11	3.78408e+12	2.4288e+12
6.04e+09	-9.23535e+08	9.72786e+08	-1.88878e+10	-1.05302e+11	-9.64424e+10	1.16191e+11	2.26332e+11	3.19075e+09	2.82163e+11	7.26989e+11	1.17346e+12	-8.65783e+11	2.78349e+12	-6.67934e+11	3.84157e+12	2.33653e+12
6.06e+09	-1.10329e+09	1.15296e+09	-4.17784e+10	-9.86699e+10	-2.20093e+10	-1.47533e+11	-1.20737e+11	-1.91298e+11	5.05389e+11	5.93915e+11	1.05231e+12	-1.01204e+12	2.74818e+12	-7.99523e+11	3.89682e+12	2.24288e+12
6.08e+09	-1.22425e+09	1.3893e+09	-6.26613e+10	-8.7195e+10	1.2254e+11	8.56327e+10	-1.02015e+11	2.05752e+11	6.72413e+11	3.95044e+11	9.13262e+11	-1.14108e+12	2.70663e+12	-9.29298e+11	3.94979e+12	2.14793e+12
6.1e+09	-1.26807e+09	1.66274e+09	-8.05195e+10	-7.14403e+10	-1.47282e+11	3.51771e+10	2.25017e+11	-1.85642e+10	7.64835e+11	1.52558e+11	7.58738e+11	-1.25077e+12	2.65895e+12	-1.05696e+12	4.00044e+12	2.05172e+12
6.12e+09	-1.22832e+09	1.94634e+09	-9.44893e+10	-5.21872e+10	7.20199e+10	-1.29083e+11	-1.39363e+11	-1.77761e+11	7.726e+11	-1.06621e+11	5.91396e+11	-1.33931e+12	2.60523e+12	-1.18223e+12	4.04876e+12	1.9543e+12
6.14e+09	-1.10332e+09	2.21053e+09	-1.03924e+11	-3.03551e+10	4.58712e+10	1.44253e+11	-8.13679e+10	2.1548e+11	6.9504e+11	-3.53849e+11	4.14092e+11	-1.40526e+12	2.54561e+12	-1.30481e+12	4.0947e+12	1.85575e+12
6.16e+09	-9.02478e+08	2.43214e+09	-1.08371e+11	-7.00562e+09	-1.37492e+11	-5.95474e+10	2.22215e+11	-4.00234e+10	5.40862e+11	-5.61913e+11	2.29831e+11	-1.44755e+12	2.48021e+12	-1.42443e+12	4.13825e+12	1.75611e+12
6.18e+09	-6.44509e+08	2.58689e+09	-1.0762e+11	1.67317e+10	1.3686e+11	-5.73079e+10	-1.55965e+11	-1.62574e+11	3.27141e+11	-7.07981e+11	4.17236e+10	-1.46549e+12	2.40918e+12	-1.54081e+12	4.17938e+12	1.65544e+12
6.2e+09	-3.5041e+08	2.65931e+09	-1.01721e+11	3.97076e+10	-4.95105e+10	1.43959e+11	-5.93597e+10	2.22774e+11	7.74194e+10	-7.76053e+11	-1.47066e+11	-1.45879e+12	2.33268e+12	-1.65369e+12	4.21806e+12	1.55381e+12
6.22e+09	-4.90723e+07	2.64469e+09	-9.09806e+10	6.08139e+10	-7.13236e+10	-1.29475e+11	2.17714e+11	-6.16475e+10	-1.80847e+11	-7.58673e+11	-3.3337e+11	-1.42753e+12	2.25088e+12	-1.76282e+12	4.25427e+12	1.45126e+12
6.24e+09	2.31559e+08	2.54195e+09	-7.59231e+10	7.90709e+10	1.45706e+11	3.8279e+10	-1.7073e+11	-1.46431e+11	-4.19263e+11	-6.57723e+11	-5.14069e+11	-1.37223e+12	2.16396e+12	-1.86793e+12	4.28799e+12	1.34787e+12
6.26e+09	4.67356e+08	2.36346e+09	-5.72813e+10	9.36079e+10	-1.24584e+11	8.47044e+10	-3.67118e+10	2.27232e+11	-6.11573e+11	-4.84236e+11	-6.86129e+11	-1.29378e+12	2.07213e+12	-1.9688e+12	4.3192e+12	1.24369e+12
6.28e+09	6.34609e+08	2.12855e+09	-3.59492e+10	1.03739e+11	2.37766e+10	-1.46229e+11	2.10894e+11	-8.33402e+10	-7.36521e+11	-2.57224e+11	-8.46642e+11	-1.19347e+12	1.97559e+12	-2.0652e+12	4.34788e+12	1.13878e+12
6.3e+09	7.20994e+08	1.85887e+09	-1.29559e+10	1.0899e+11	9.44426e+10	1.18528e+11	-1.84203e+11	-1.29484e+11	-7.80201e+11	-1.64613e+09	-9.92869e+11	-1.07296e+12	1.87456e+12	-2.15689e+12	4.37401e+12	1.03321e+12
6.32e+09	7.2134e+08	1.58453e+09	1.05907e+10	1.09128e+11	-1.48807e+11	-8.90262e+09	-1.42205e+10	2.2904e+11	-7.37623e+11	2.54297e+11	-1.12229e+12	-9.34233e+11	1.76926e+12	-2.24367e+12	4.39759e+12	9.27031e+11
6.34e+09	6.3705e+08	1.33228e+09	3.35916e+10	1.04172e+11	1.08756e+11	-1.02724e+11	2.01371e+11	-1.04434e+11	-6.13327e+11	4.8225e+11	-1.23263e+12	-7.79592e+11	1.65994e+12	-2.32534e+12	4.41858e+12	8.20311e+11
6.36e+09	4.83374e+08	1.12578e+09	5.49543e+10	9.43681e+10	3.88014e+09	1.50683e+11	-1.966e+11	-1.11272e+11	-4.20954e+11	6.56858e+11	-1.32193e+12	-6.11617e+11	1.54684e+12	-2.40172e+12	4.43699e+12	7.1311e+11
6.38e+09	2.78702e+08	9.86978e+08	7.36736e+10	8.01811e+10	-1.12452e+11	-9.80611e+10	7.72193e+09	2.28807e+11	-1.81784e+11	7.58629e+11	-1.38858e+12	-4.33133e+11	1.43022e+12	-2.47263e+12	4.4528e+12	6.05493e+11
6.4e+09	4.70452e+07	9.25434e+08	8.88633e+10	6.22941e+10	1.4895e+11	-1.634e+10	1.89316e+11	-1.2413e+11	7.76214e+10	7.7616e+11	-1.4313e+12	-2.47168e+11	1.31034e+12	-2.5379e+12	4.466e+12	4.97522e+11
6.42e+09	-1.81493e+08	9.4442e+08	9.98112e+10	4.15673e+10	-8.85063e+10	1.21751e+11	-2.07451e+11	-9.14184e+10	3.28395e+11	7.07464e+11	-1.44926e+12	-5.69065e+10	1.18748e+12	-2.59738e+12	4.47658e+12	3.89261e+11
6.44e+09	-3.83195e+08	1.03897e+09	1.06023e+11	1.89749e+10	-3.02219e+10	-1.4611e+11	2.93616e+10	2.27034e+11	5.42633e+11	5.60208e+11	-1.44202e+12	1.34363e+11	1.06191e+12	-2.65095e+12	4.48454e+12	2.80772e+11
6.46e+09	-5.34557e+08	1.19195e+09	1.07209e+11	-4.41151e+09	1.28124e+11	7.77744e+10	1.75382e+11	-1.4197e+11	6.96554e+11	3.50833e+11	-1.40957e+12	3.23303e+11	9.33921e+11	-2.69847e+12	4.48987e+12	1.7212e+11
6.48e+09	-6.1751e+08	1.38393e+09	1.03311e+11	-2.74989e+10	-1.44319e+11	4.36881e+10	-2.1604e+11	-7.00979e+10	7.73164e+11	1.02672e+11	-1.35238e+12	5.06585e+11	8.03803e+11	-2.73984e+12	4.49257e+12	6.33677e+10
6.5e+09	-6.26978e+08	1.58925e+09	9.45138e+10	-4.91905e+10	6.45793e+10	-1.33633e+11	5.11582e+10	2.23563e+11	7.64123e+11	-1.5671e+11	-1.27133e+12	6.8095e+11	6.71852e+11	-2.77496e+12	4.49263e+12	-4.54207e+10
6.52e+09	-5.61358e+08	1.77992e+09	8.12402e+10	-6.84583e+10	5.4975e+10	1.40702e+11	1.6026e+11	-1.58066e+11	6.70614e+11	-3.98618e+11	-1.16774e+12	8.43268e+11	5.38371e+11	-2.80375e+12	4.49007e+12	-1.54182e+11
6.54e+09	-4.30168e+08	1.93371e+09	6.41192e+10	-8.44075e+10	-1.40501e+11	-5.16662e+10	-2.2194e+11	-4.79594e+10	5.03127e+11	-5.96405e+11	-1.04338e+12	9.90602e+11	4.03662e+11	-2.82614e+12	4.48487e+12	-2.62852e+11
6.56e+09	-2.52881e+08	2.02887e+09	4.39617e+10	-9.62827e+10	1.33388e+11	-6.60773e+10	7.30369e+10	2.17816e+11	2.8024e+11	-7.28379e+11	-9.00383e+11	1.12027e+12	2.68034e+11	-2.84208e+12	4.47704e+12	-3.71367e+11
6.58e+09	-4.92149e+07	2.05242e+09	2.17021e+10	-1.0352e+11	-4.05284e+10	1.46078e+11	1.44117e+11	-1.7291e+11	2.65355e+10	-7.80121e+11	-7.41248e+11	1.22988e+12	1.31794e+11	-2.85154e+12	4.46658e+12	-4.79663e+11
6.6e+09	1.53318e+08	2.00132e+09	-1.60233e+09	-1.05771e+11	-7.89677e+10	-1.25567e+11	-2.25283e+11	-2.57646e+10	-2.3009e+11	-7.46011e+11	-5.68789e+11	1.31741e+12	-4.746e+09	-2.85448e+12	4.45351e+12	-5.87678e+11
6.62e+09	3.27925e+08	1.87704e+09	-2.48444e+10	-1.02926e+11	1.47719e+11	2.87181e+10	9.43728e+10	2.09423e+11	-4.61445e+11	-6.29805e+11	-3.86083e+11	1.38125e+12	-1.41276e+11	-2.8509e+12	4.43783e+12	-6.95347e+11
6.64e+09	4.53836e+08	1.69382e+09	-4.69315e+10	-9.51238e+10	-1.19358e+11	9.14634e+10	1.2652e+11	-1.86681e+11	-6.42083e+11	-4.44227e+11	-1.96409e+11	1.42019e+12	-2.77486e+11	-2.84081e+12	4.41954e+12	-8.02608e+11
6.66e+09	5.10321e+08	1.47154e+09	-6.68145e+10	-8.27323e+10	1.46554e+10	-1.4801e+11	-2.26626e+11	-3.8996e+09	-7.52056e+11	-2.09613e+11	-3.18453e+09	1.43351e+12	-4.13063e+11	-2.82424e+12	4.39866e+12	-9.09397e+11
6.68e+09	4.87665e+08	1.23264e+09	-8.35595e+10	-6.63156e+10	1.01132e+11	1.12004e+11	1.14406e+11	1.98558e+11	-7.79107e+11	4.82516e+10	1.901e+11	1.42097e+12	-5.47698e+11	-2.80122e+12	4.37521e+12	-1.01565e+12
6.7e+09	3.8503e+08	1.00701e+09	-9.636e+10	-4.66487e+10	-1.4949e+11	-4.03624e+08	1.07117e+11	-1.9889e+11	-7.20068e+11	3.00917e+11	3.79954e+11	1.3828e+12	-6.81083e+11	-2.7718e+12	4.34918e+12	-1.12131e+12
6.72e+09	2.06904e+08	8.19663e+08	-1.04602e+11	-2.46655e+10	1.01839e+11	-1.09597e+11	-2.26429e+11	1.78843e+10	-5.81283e+11	5.20379e+11	5.62955e+11	1.31972e+12	-8.12914e+11	-2.73605e+12	4.32061e+12	-1.22631e+12
6.74e+09	-2.90433e+07	6.92696e+08	-1.07894e+11	-1.40527e+09	1.24543e+10	1.49766e+11	1.32701e+11	1.85859e+11	-3.77989e+11	6.82199e+11	7.35816e+11	1.23291e+12	-9.4289e+11	-2.69405e+12	4.2895e+12	-1.33059e+12
6.76e+09	-3.01021e+08	6.45701e+08	-1.06076e+11	2.20252e+10	-1.18798e+11	-9.1398e+10	8.61044e+10	-2.08796e+11	-1.32686e+11	7.68275e+11	8.95453e+11	1.12398e+12	-1.07071e+12	-2.6459e+12	4.25587e+12	-1.43409e+12
6.78e+09	-5.83576e+08	6.84529e+08	-9.92131e+10	4.45332e+10	1.47021e+11	-2.55657e+10	-2.24499e+11	4.00511e+10	1.27358e+11	7.68929e+11	1.03904e+12	9.94959e+11	-1.19609e+12	-2.59171e+12	4.21975e+12	-1.53674e+12
6.8e+09	-8.45986e+08	8.09519e+08	-8.7619e+10	6.50362e+10	-8.16627e+10	1.26754e+11	1.49391e+11	1.72008e+11	3.73173e+11	6.84049e+11	1.16405e+12	8.48213e+11	-1.31874e+12	-2.53159e+12	4.18115e+12	-1.6385e+12
6.82e+09	-1.06345e+09	1.01252e+09	-7.18397e+10	8.25484e+10	-3.97416e+10	-1.44061e+11	6.41667e+10	-2.15955e+11	5.77384e+11	5.23125e+11	1.26833e+12	6.86418e+11	-1.43838e+12	-2.4657e+12	4.1401e+12	-1.73929e+12
6.84e+09	-1.2135e+09	1.27241e+09	-5.26236e+10	9.62319e+10	1.31868e+11	6.9911e+10	-2.20203e+11	6.25231e+10	7.17324e+11	3.04159e+11	1.3501e+12	5.12494e+11	-1.55474e+12	-2.39417e+12	4.09662e+12	-1.83906e+12
6.86e+09	-1.27962e+09	1.56741e+09	-3.08874e+10	1.05426e+11	-1.4213e+11	5.25028e+10	1.65011e+11	1.57162e+11	7.77582e+11	5.15893e+10	1.408e+12	3.29544e+11	-1.66755e+12	-2.31718e+12	4.05074e+12	-1.93774e+12
6.88e+09	-1.25775e+09	1.86975e+09	-7.6382e+09	1.09682e+11	5.56732e+10	-1.37051e+11	4.21017e+10	-2.20497e+11	7.51687e+11	-2.06517e+11	1.44115e+12	1.4081e+11	-1.77656e+12	-2.23489e+12	4.00248e+12	-2.03529e+12
6.9e+09	-1.14886e+09	2.14897e+09	1.60059e+10	1.08777e+11	6.27317e+10	1.37447e+11	-2.13112e+11	8.46434e+10	6.42742e+11	-4.41636e+11	1.44908e+12	-5.03865e+10	-1.88151e+12	-2.1475e+12	3.95187e+12	-2.13165e+12
6.92e+09	-9.64821e+08	2.38252e+09	3.89046e+10	1.02742e+11	-1.44012e+11	-4.26284e+10	1.79786e+11	1.40837e+11	4.62971e+11	-6.27936e+11	1.43179e+12	-2.40701e+11	-1.98218e+12	-2.05521e+12	3.89894e+12	-2.22675e+12
6.94e+09	-7.26449e+08	2.54831e+09	5.99551e+10	9.18626e+10	1.28562e+11	-7.35244e+10	2.03416e+10	-2.23002e+11	2.32288e+11	-7.45061e+11	1.38971e+12	-4.26837e+11	-2.07832e+12	-1.95822e+12	3.84372e+12	-2.32054e+12
6.96e+09	-4.55635e+08	2.63257e+09	7.81378e+10	7.66581e+10	-3.20992e+10	1.48844e+11	-2.03358e+11	1.05597e+11	-2.39202e+10	-7.8027e+11	1.32367e+12	-6.05596e+11	-2.16973e+12	-1.85677e+12	3.78624e+12	-2.41298e+12
6.98e+09	-1.81397e+08	2.63339e+09	9.25885e+10	5.78291e+10	-8.68544e+10	-1.19922e+11	1.9324e+11	1.22607e+11	-2.77552e+11	-7.29752e+11	1.23491e+12	-7.73938e+11	-2.25619e+12	-1.75108e+12	3.72654e+12	-2.50399e+12
7e+09	6.90861e+07	2.5525e+09	1.0259e+11	3.62802e+10	1.48834e+11	2.04134e+10	-1.34746e+09	-2.23979e+11	-5.0079e+11	-5.99009e+11	1.12504e+12	-9.2902e+11	-2.33751e+12	-1.6414e+12	3.66466e+12	-2.59353e+12
7.02e+09	2.7399e+08	2.40385e+09	1.07648e+11	1.30541e+10	-1.1385e+11	9.92838e+10	-1.91571e+11	1.24877e+11	-6.69074e+11	-4.02284e+11	9.96e+11	-1.06825e+12	-2.4135e+12	-1.52797e+12	3.60062e+12	-2.68155e+12
7.04e+09	4.12037e+08	2.20842e+09	1.07511e+11	-1.07218e+10	5.50691e+09	-1.47855e+11	2.04613e+11	1.02584e+11	-7.63757e+11	-1.6108e+11	8.50056e+11	-1.18931e+12	-2.48398e+12	-1.41105e+12	3.53446e+12	-2.76799e+12
7.06e+09	4.73914e+08	1.98844e+09	1.02188e+11	-3.38891e+10	1.07669e+11	1.06443e+11	-2.34483e+10	-2.23287e+11	-7.74179e+11	9.8111e+10	6.89724e+11	-1.29021e+12	-2.54881e+12	-1.29092e+12	3.46624e+12	-2.85281e+12
7.08e+09	4.58279e+08	1.773e+09	9.1919e+10	-5.53531e+10	-1.49212e+11	9.43906e+09	-1.7845e+11	1.42547e+11	-6.98923e+11	3.46653e+11	5.17746e+11	-1.36928e+12	-2.60784e+12	-1.16784e+12	3.39597e+12	-2.93595e+12
7.1e+09	3.69279e+08	1.58748e+09	7.71956e+10	-7.40571e+10	9.51556e+10	-1.14776e+11	2.13404e+11	8.13952e+10	-5.46086e+11	5.5692e+11	3.37044e+11	-1.42524e+12	-2.66093e+12	-1.04209e+12	3.32371e+12	-3.01736e+12
7.12e+09	2.24916e+08	1.45276e+09	5.87367e+10	-8.90856e+10	2.17605e+10	1.49494e+11	-4.594e+10	-2.20324e+11	-3.32477e+11	7.0541e+11	1.50671e+11	-1.45718e+12	-2.70796e+12	-9.13973e+11	3.2495e+12	-3.097e+12
7.14e+09	4.5913e+07	1.38696e+09	3.74458e+10	-9.97056e+10	-1.23788e+11	-8.33157e+10	-1.64213e+11	1.59097e+11	-8.1801e+10	7.75453e+11	-3.82353e+10	-1.46457e+12	-2.74883e+12	-7.83769e+11	3.17338e+12	-3.17483e+12
7.16e+09	-1.43562e+08	1.39562e+09	1.43706e+10	-1.05407e+11	1.45611e+11	-3.37503e+10	2.19665e+11	5.98123e+10	1.78001e+11	7.59162e+11	-2.26498e+11	-1.44731e+12	-2.78345e+12	-6.51779e+11	3.0954e+12	-3.25078e+12
7.18e+09	-3.13671e+08	1.47748e+09	-9.39801e+09	-1.05923e+11	-7.33277e+10	1.32091e+11	-6.8221e+10	-2.14643e+11	4.17941e+11	6.58368e+11	-4.10951e+11	-1.40567e+12	-2.81174e+12	-5.18304e+11	3.0156e+12	-3.32483e+12
7.2e+09	-4.42299e+08	1.62333e+09	-3.26957e+10	-1.01226e+11	-4.78032e+10	-1.40849e+11	-1.48433e+11	1.74759e+11	6.11303e+11	4.84406e+11	-5.88487e+11	-1.34033e+12	-2.83363e+12	-3.83647e+11	2.93402e+12	-3.39692e+12
7.22e+09	-5.09707e+08	1.81252e+09	-5.43858e+10	-9.15554e+10	1.36512e+11	6.22476e+10	2.23907e+11	3.82727e+10	7.36681e+11	2.56774e+11	-7.56101e+11	-1.25236e+12	-2.84909e+12	-2.48116e+11	2.85073e+12	-3.46702e+12
7.24e+09	-5.01404e+08	2.02314e+09	-7.34141e+10	-7.73925e+10	-1.37988e+11	6.14028e+10	-8.95127e+10	-2.0634e+11	7.80356e+11	8.68085e+08	-9.10943e+11	-1.14319e+12	-2.85807e+12	-1.12017e+11	2.76576e+12	-3.53508e+12
7.26e+09	-4.16855e+08	2.22837e+09	-8.88645e+10	-5.94471e+10	4.80175e+10	-1.39879e+11	-1.30711e+11	1.89075e+11	7.37751e+11	-2.54928e+11	-1.05036e+12	-1.01462e+12	-2.86056e+12	2.43384e+10	2.67916e+12	-3.60106e+12
7.28e+09	-2.59661e+08	2.40031e+09	-1.00023e+11	-3.85716e+10	7.17271e+10	1.33574e+11	2.26595e+11	1.65676e+10	6.13829e+11	-4.82414e+11	-1.17193e+12	-8.68787e+11	-2.85655e+12	1.60642e+11	2.59099e+12	-3.66493e+12
7.3e+09	-4.30625e+07	2.51842e+09	-1.06352e+11	-1.57841e+10	-1.45537e+11	-3.37541e+10	-1.0932e+11	-1.96011e+11	4.22437e+11	-6.56653e+11	-1.27353e+12	-7.08107e+11	-2.84606e+12	2.96584e+11	2.5013e+12	-3.72664e+12
7.32e+09	2.09729e+08	2.56347e+09	-1.07559e+11	7.80671e+09	1.24672e+11	-8.1206e+10	-1.11167e+11	2.01305e+11	1.84718e+11	-7.58633e+11	-1.35333e+12	-5.35279e+11	-2.82911e+12	4.31856e+11	2.41014e+12	-3.78617e+12
7.34e+09	4.76089e+08	2.52563e+09	-1.03602e+11	3.10588e+10	-2.22177e+10	1.50387e+11	2.27554e+11	-5.7662e+09	-7.32146e+10	-7.77259e+11	-1.40989e+12	-3.53225e+11	-2.80574e+12	5.66151e+11	2.31757e+12	-3.84346e+12
7.36e+09	7.27579e+08	2.40599e+09	-9.4699e+10	5.28506e+10	-9.31865e+10	-1.14675e+11	-1.27716e+11	-1.84325e+11	-3.23084e+11	-7.105e+11	-1.44212e+12	-1.65052e+11	-2.77601e+12	6.99164e+11	2.22363e+12	-3.8985e+12
7.38e+09	9.36775e+08	2.20956e+09	-8.12819e+10	7.21757e+10	1.50526e+11	1.10265e+10	-9.04428e+10	2.10958e+11	-5.37465e+11	-5.65603e+11	-1.44936e+12	2.60023e+10	-2.73999e+12	8.30595e+11	2.12839e+12	-3.95125e+12
7.4e+09	1.08354e+09	1.95403e+09	-6.40034e+10	8.81101e+10	-1.06941e+11	1.05574e+11	2.26148e+11	-2.86933e+10	-6.92725e+11	-3.58352e+11	-1.43136e+12	2.16617e+11	-2.69775e+12	9.60145e+11	2.03189e+12	-4.00167e+12
7.42e+09	1.14919e+09	1.66272e+09	-4.37002e+10	9.98996e+10	-2.83295e+09	-1.4844e+11	-1.452e+11	-1.71455e+11	-7.71601e+11	-1.11432e+11	-1.38833e+12	4.03449e+11	-2.64941e+12	1.08752e+12	1.9342e+12	-4.04974e+12
7.44e+09	1.12605e+09	1.35983e+09	-2.13519e+10	1.06992e+11	1.14476e+11	9.9119e+10	-6.9332e+10	2.18103e+11	-7.65152e+11	1.47979e+11	-1.32089e+12	5.8319e+11	-2.59506e+12	1.21243e+12	1.83538e+12	-4.09543e+12
7.46e+09	1.01614e+09	1.0766e+09	1.96413e+09	1.0907e+11	-1.47894e+11	1.78039e+10	2.21891e+11	-5.15876e+10	-6.73848e+11	3.91153e+11	-1.23012e+12	7.52629e+11	-2.53483e+12	1.3346e+12	1.73548e+12	-4.13872e+12
7.48e+09	8.27021e+08	8.38639e+08	2.51702e+10	1.06054e+11	8.84184e+10	-1.21043e+11	-1.62008e+11	-1.5694e+11	-5.07627e+11	5.91013e+11	-1.1175e+12	9.08728e+11	-2.46886e+12	1.45376e+12	1.63456e+12	-4.17957e+12
7.5e+09	5.78782e+08	6.66604e+08	4.71626e+10	9.80932e+10	3.10702e+10	1.47129e+11	-4.82817e+10	2.23284e+11	-2.84863e+11	7.25215e+11	-9.84949e+11	1.04867e+12	-2.3973e+12	1.56962e+12	1.53267e+12	-4.21796e+12
7.52e+09	2.95268e+08	5.78638e+08	6.68997e+10	8.55693e+10	-1.28429e+11	-7.64702e+10	2.14849e+11	-7.36151e+10	-3.03348e+10	7.78732e+11	-8.34775e+11	1.16991e+12	-2.32031e+12	1.68194e+12	1.42989e+12	-4.25388e+12
7.54e+09	2.97133e+06	5.78544e+08	8.34482e+10	6.90824e+10	1.43378e+11	-4.333e+10	-1.77681e+11	-1.40317e+11	2.2759e+11	7.45594e+11	-6.69624e+11	1.27023e+12	-2.23808e+12	1.79046e+12	1.32627e+12	-4.28729e+12
7.56e+09	-2.67499e+08	6.63535e+08	9.60294e+10	4.94257e+10	-6.51948e+10	1.35468e+11	-2.70706e+10	2.2702e+11	4.60186e+11	6.29565e+11	-4.9243e+11	1.34776e+12	-2.15078e+12	1.89494e+12	1.22186e+12	-4.31819e+12
7.58e+09	-4.92538e+08	8.23754e+08	1.04073e+11	2.75093e+10	-5.63619e+10	-1.38523e+11	2.05614e+11	-9.42147e+10	6.41633e+11	4.43678e+11	-3.06364e+11	1.40107e+12	-2.05863e+12	1.99515e+12	1.11674e+12	-4.34654e+12
7.6e+09	-6.51759e+08	1.0366e+09	1.07195e+11	4.36907e+09	1.39796e+11	5.30589e+10	-1.91433e+11	-1.21638e+11	7.51909e+11	2.08702e+11	-1.14772e+11	1.42913e+12	-1.96182e+12	2.09085e+12	1.01097e+12	-4.37234e+12
7.62e+09	-7.31098e+08	1.27921e+09	1.0524e+11	-1.89029e+10	-1.34348e+11	6.88941e+10	-5.19259e+09	2.29178e+11	7.78979e+11	-4.924e+10	7.88891e+10	1.43144e+12	-1.86058e+12	2.18183e+12	9.04595e+11	-4.39557e+12
7.64e+09	-7.2946e+08	1.52486e+09	9.82979e+10	-4.12032e+10	3.90389e+10	-1.43253e+11	1.94899e+11	-1.13402e+11	7.20053e+11	-3.01617e+11	2.71122e+11	1.40792e+12	-1.75515e+12	2.26789e+12	7.97692e+11	-4.41622e+12
7.66e+09	-6.50274e+08	1.74446e+09	8.6701e+10	-6.14726e+10	7.91883e+10	1.28299e+11	-2.027e+11	-1.01498e+11	5.81806e+11	-5.20639e+11	4.58455e+11	1.35902e+12	-1.64575e+12	2.34884e+12	6.90321e+11	-4.43427e+12
7.68e+09	-5.07189e+08	1.91756e+09	7.0987e+10	-7.87759e+10	-1.4791e+11	-2.54812e+10	1.73846e+10	2.29137e+11	3.79568e+11	-6.82277e+11	6.37516e+11	1.28565e+12	-1.53263e+12	2.42449e+12	5.82544e+11	-4.44971e+12
7.7e+09	-3.22611e+08	2.02566e+09	5.18925e+10	-9.22851e+10	1.18862e+11	-8.91175e+10	1.82934e+11	-1.31663e+11	1.3562e+11	-7.68831e+11	8.05093e+11	1.18916e+12	-1.41606e+12	2.49468e+12	4.74425e+11	-4.46254e+12
7.72e+09	-1.1841e+08	2.05821e+09	3.03112e+10	-1.0135e+11	-1.37742e+10	1.51029e+11	-2.11462e+11	-8.06951e+10	-1.2324e+11	-7.70815e+11	9.58204e+11	1.07134e+12	-1.2963e+12	2.55924e+12	3.66027e+11	-4.47274e+12
7.74e+09	7.73371e+07	2.01681e+09	7.26494e+09	-1.0553e+11	-1.00731e+11	-1.0917e+11	4.0117e+10	2.26386e+11	-3.6858e+11	-6.87967e+11	1.09415e+12	9.34357e+11	-1.17361e+12	2.61804e+12	2.57413e+11	-4.48032e+12
7.76e+09	2.38917e+08	1.90702e+09	-1.61479e+10	-1.04622e+11	1.50103e+11	1.63038e+09	1.69302e+11	-1.49248e+11	-5.73399e+11	-5.29295e+11	1.21056e+12	7.80724e+11	-1.04827e+12	2.67094e+12	1.48648e+11	-4.48526e+12
7.78e+09	3.47949e+08	1.74536e+09	-3.88381e+10	-9.86674e+10	-1.01177e+11	1.11722e+11	-2.18193e+11	-5.97208e+10	-7.15056e+11	-3.12147e+11	1.30543e+12	6.13233e+11	-9.20574e+11	2.71783e+12	3.9796e+10	-4.48756e+12
7.8e+09	3.86931e+08	1.55493e+09	-5.9723e+10	-8.79353e+10	-1.26417e+10	-1.48032e+11	6.22193e+10	2.20929e+11	-7.77773e+11	-6.0376e+10	1.37719e+12	4.34907e+11	-7.90803e+11	2.75859e+12	-6.90798e+10	-4.48723e+12
7.82e+09	3.50572e+08	1.35899e+09	-7.78061e+10	-7.29159e+10	1.19445e+11	9.2061e+10	1.53566e+11	-1.65741e+11	-7.5443e+11	1.98234e+11	1.42466e+12	2.48934e+11	-6.5925e+11	2.79315e+12	-1.77915e+11	-4.48426e+12
7.84e+09	2.42799e+08	1.18601e+09	-9.22153e+10	-5.43159e+10	-1.47364e+11	2.69044e+10	-2.23375e+11	-3.84083e+10	-6.47431e+11	4.35014e+11	1.44713e+12	5.8615e+10	-5.26213e+11	2.82142e+12	-2.86646e+11	-4.47866e+12
7.86e+09	7.18465e+07	1.05965e+09	-1.02255e+11	-3.30207e+10	8.01343e+10	-1.25905e+11	8.31385e+10	2.13291e+11	-4.68516e+11	6.23615e+11	1.44432e+12	-1.32708e+11	-3.91993e+11	2.84333e+12	-3.95208e+11	-4.47042e+12
7.88e+09	-1.40822e+08	9.97754e+08	-1.07452e+11	-1.00275e+10	3.91967e+10	1.45336e+11	1.3577e+11	-1.80397e+11	-2.37501e+11	7.42993e+11	1.4164e+12	-3.21705e+11	-2.56891e+11	2.85885e+12	-5.03538e+11	-4.45955e+12
7.9e+09	-3.71215e+08	1.01446e+09	-1.07543e+11	1.35687e+10	-1.33503e+11	-6.81061e+10	-2.26875e+11	-1.62901e+10	1.99225e+10	7.79821e+11	1.36397e+12	-5.05117e+11	-1.21211e+11	2.86794e+12	-6.11573e+11	-4.44607e+12
7.92e+09	-5.94352e+08	1.11078e+09	-1.02504e+11	3.66519e+10	1.39879e+11	-5.14025e+10	1.02877e+11	2.04132e+11	2.75094e+11	7.30012e+11	1.28806e+12	-6.79813e+11	1.47416e+10	2.87057e+12	-7.19247e+11	-4.42997e+12
7.94e+09	-7.80466e+08	1.2809e+09	-9.25591e+10	5.81109e+10	-5.7393e+10	1.39777e+11	1.16483e+11	-1.92671e+11	4.99634e+11	5.99185e+11	1.19007e+12	-8.42835e+11	1.50661e+11	2.86674e+12	-8.265e+11	-4.41127e+12
7.96e+09	-9.08264e+08	1.5116e+09	-7.81795e+10	7.69097e+10	-6.50997e+10	-1.34195e+11	-2.28061e+11	6.63036e+09	6.68644e+11	4.0199e+11	1.07176e+12	-9.9145e+11	2.86242e+11	2.85646e+12	-9.33266e+11	-4.38997e+12
7.98e+09	-9.60967e+08	1.77863e+09	-6.00427e+10	9.21573e+10	1.42396e+11	4.51916e+10	1.21913e+11	1.93649e+11	7.63494e+11	1.60419e+11	9.35239e+11	-1.12318e+12	4.2118e+11	2.83976e+12	-1.03948e+12	-4.3661e+12
8e+09	-9.26945e+08	2.05774e+09	-3.90112e+10	1.03113e+11	-1.30181e+11	7.76453e+10	9.64837e+10	-2.02556e+11	7.73844e+11	-9.87081e+10	7.82873e+11	-1.23586e+12	5.55169e+11	2.81667e+12	-1.14509e+12	-4.33966e+12
8.02e+09	-8.08783e+08	2.32102e+09	-1.60705e+10	1.09238e+11	3.0148e+10	-1.44601e+11	-2.26423e+11	2.97762e+10	6.9873e+11	-3.46741e+11	6.17292e+11	-1.32763e+12	6.87909e+11	2.78724e+12	-1.25003e+12	-4.31066e+12
8.04e+09	-6.14033e+08	2.53994e+09	7.67519e+09	1.10221e+11	8.67726e+10	1.24019e+11	1.40489e+11	1.81381e+11	5.4659e+11	-5.56364e+11	4.41323e+11	-1.39699e+12	8.191e+11	2.75155e+12	-1.35423e+12	-4.27914e+12
8.06e+09	-3.58696e+08	2.69509e+09	3.10789e+10	1.06008e+11	-1.49135e+11	-1.57131e+10	7.62501e+10	-2.10537e+11	3.34284e+11	-7.04566e+11	2.57949e+11	-1.44281e+12	9.48447e+11	2.70967e+12	-1.45763e+12	-4.2451e+12
8.08e+09	-6.84147e+07	2.76895e+09	5.30227e+10	9.67972e+10	1.13398e+11	-9.54175e+10	-2.21972e+11	5.23319e+10	8.52165e+10	-7.75114e+11	7.02571e+10	-1.46432e+12	1.07566e+12	2.66169e+12	-1.56018e+12	-4.20857e+12
8.1e+09	2.32127e+08	2.7535e+09	7.24437e+10	8.30265e+10	-4.34062e+09	1.52274e+11	1.58157e+11	1.66837e+11	-1.73216e+11	-7.60291e+11	-1.1861e+11	-1.46118e+12	1.20045e+12	2.60773e+12	-1.66181e+12	-4.16957e+12
8.12e+09	5.1411e+08	2.65292e+09	8.8411e+10	6.53337e+10	-1.06821e+11	-1.02235e+11	5.55862e+10	-2.17113e+11	-4.12598e+11	-6.61714e+11	-3.05496e+11	-1.43344e+12	1.32254e+12	2.54791e+12	-1.76247e+12	-4.12811e+12
8.14e+09	7.50371e+08	2.47467e+09	1.00138e+11	4.45705e+10	1.50341e+11	-6.87928e+09	-2.15255e+11	7.3705e+10	-6.06583e+11	-4.90165e+11	-4.87266e+11	-1.38156e+12	1.44165e+12	2.48235e+12	-1.86209e+12	-4.08423e+12
8.16e+09	9.21922e+08	2.23818e+09	1.07052e+11	2.17433e+10	-9.37158e+10	1.18179e+11	1.74127e+11	1.50021e+11	-7.33748e+11	-2.64445e+11	-6.60856e+11	-1.30639e+12	1.55752e+12	2.41121e+12	-1.96061e+12	-4.03795e+12
8.18e+09	1.01237e+09	1.9688e+09	1.08822e+11	-2.04594e+09	-2.10197e+10	-1.46555e+11	3.39798e+10	-2.22165e+11	-7.79954e+11	-9.3606e+09	-8.2332e+11	-1.20918e+12	1.66988e+12	2.33464e+12	-2.05799e+12	-3.9893e+12
8.2e+09	1.01648e+09	1.69079e+09	1.05363e+11	-2.56417e+10	1.25406e+11	8.49992e+10	-2.06972e+11	9.38707e+10	-7.39933e+11	2.46954e+11	-9.71882e+11	-1.09151e+12	1.77848e+12	2.25282e+12	-2.15415e+12	-3.9383e+12
8.22e+09	9.38831e+08	1.43444e+09	9.68271e+10	-4.79222e+10	-1.44825e+11	3.60482e+10	1.8779e+11	1.31484e+11	-6.17933e+11	4.76113e+11	-1.10398e+12	-9.55318e+11	1.88308e+12	2.16593e+12	-2.24906e+12	-3.88499e+12
8.24e+09	7.89196e+08	1.22425e+09	8.3628e+10	-6.77962e+10	7.30448e+10	-1.30353e+11	1.13592e+10	-2.25042e+11	-4.27327e+11	6.52631e+11	-1.2173e+12	-8.02858e+11	1.98344e+12	2.07417e+12	-2.34264e+12	-3.82939e+12
8.26e+09	5.89132e+08	1.07771e+09	6.64121e+10	-8.42976e+10	4.8643e+10	1.42758e+11	-1.97382e+11	1.13308e+11	-1.89183e+11	7.56795e+11	-1.30984e+12	-6.36671e+11	2.07933e+12	1.97775e+12	-2.43484e+12	-3.77155e+12
8.28e+09	3.62949e+08	1.00984e+09	4.60227e+10	-9.66329e+10	-1.3669e+11	-5.99268e+10	1.99066e+11	1.12012e+11	7.00557e+10	7.76924e+11	-1.37992e+12	-4.59549e+11	2.17054e+12	1.87687e+12	-2.52562e+12	-3.71149e+12
8.3e+09	1.36337e+08	1.02164e+09	2.34602e+10	-1.04212e+11	1.37184e+11	-5.99019e+10	-1.17495e+10	-2.25175e+11	3.21537e+11	7.10728e+11	-1.42623e+12	-2.74494e+11	2.25686e+12	1.77177e+12	-2.61491e+12	-3.64925e+12
8.32e+09	-6.17002e+07	1.10664e+09	-2.06522e+08	-1.06679e+11	-4.8153e+10	1.42783e+11	-1.86071e+11	1.3231e+11	5.37269e+11	5.65589e+11	-1.44787e+12	-8.46714e+10	2.3381e+12	1.66268e+12	-2.70267e+12	-3.58487e+12
8.34e+09	-2.10469e+08	1.25266e+09	-2.38208e+10	-1.03917e+11	-7.24757e+10	-1.30327e+11	2.08384e+11	9.21322e+10	6.9329e+11	3.57715e+11	-1.44433e+12	1.06643e+11	2.41407e+12	1.54985e+12	-2.78884e+12	-3.51838e+12
8.36e+09	-2.93396e+08	1.43577e+09	-4.62357e+10	-9.60743e+10	1.45452e+11	3.60661e+10	-3.45569e+10	-2.22497e+11	7.72366e+11	1.10283e+11	-1.41556e+12	2.96116e+11	2.48459e+12	1.43352e+12	-2.87338e+12	-3.44983e+12
8.38e+09	-3.00196e+08	1.63202e+09	-6.63707e+10	-8.35513e+10	-1.24716e+11	8.49159e+10	-1.72549e+11	1.50492e+11	7.65886e+11	-1.49212e+11	-1.36194e+12	4.80413e+11	2.54951e+12	1.31397e+12	-2.95622e+12	-3.37925e+12
8.4e+09	-2.34349e+08	1.8158e+09	-8.32617e+10	-6.69753e+10	2.17935e+10	-1.46706e+11	2.16237e+11	7.17059e+10	6.74757e+11	-3.92053e+11	-1.2843e+12	6.56262e+11	2.60868e+12	1.19145e+12	-3.03734e+12	-3.30669e+12
8.42e+09	-1.0341e+08	1.96006e+09	-9.61238e+10	-4.71336e+10	9.45065e+10	1.17917e+11	-5.64555e+10	-2.17479e+11	5.0922e+11	-5.91488e+11	-1.18391e+12	8.20514e+11	2.66197e+12	1.06626e+12	-3.11667e+12	-3.23218e+12
8.44e+09	7.60335e+07	2.04715e+09	-1.04343e+11	-2.49948e+10	-1.49529e+11	-7.31784e+09	-1.56786e+11	1.67111e+11	2.87651e+11	-7.25648e+11	-1.06246e+12	9.702e+11	2.70926e+12	9.38656e+11	-3.19417e+12	-3.15578e+12
8.46e+09	2.78701e+08	2.06298e+09	-1.07543e+11	-1.63361e+09	1.07605e+11	-1.0282e+11	2.22516e+11	5.02615e+10	3.44902e+10	-7.79889e+11	-9.22046e+11	1.1026e+12	2.75044e+12	8.08942e+11	-3.2698e+12	-3.07753e+12
8.48e+09	4.81693e+08	2.00155e+09	-1.05591e+11	2.18217e+10	5.00808e+09	1.51523e+11	-7.73807e+10	-2.10766e+11	-2.22428e+11	-7.48326e+11	-7.65108e+11	1.21527e+12	2.7854e+12	6.77405e+11	-3.34351e+12	-2.99747e+12
8.5e+09	6.5755e+08	1.86906e+09	-9.86087e+10	4.42455e+10	-1.12811e+11	-9.63261e+10	-1.39295e+11	1.81581e+11	-4.54891e+11	-6.34441e+11	-5.94421e+11	1.30615e+12	2.81408e+12	5.44343e+11	-3.41526e+12	-2.91565e+12
8.52e+09	7.81506e+08	1.67579e+09	-8.69362e+10	6.46021e+10	1.4955e+11	-1.67171e+10	2.26596e+11	2.77454e+10	-6.3734e+11	-4.507e+11	-4.13026e+11	1.37355e+12	2.83641e+12	4.10055e+11	-3.485e+12	-2.83211e+12
8.54e+09	8.38269e+08	1.44195e+09	-7.11424e+10	8.19198e+10	-8.65778e+10	1.22911e+11	-9.77682e+10	-2.02577e+11	-7.49634e+11	-2.17232e+11	-2.24178e+11	1.41621e+12	2.85233e+12	2.74845e+11	-3.5527e+12	-2.74692e+12
8.56e+09	8.1418e+08	1.19339e+09	-5.19953e+10	9.53831e+10	-3.01545e+10	-1.45727e+11	-1.2083e+11	1.93831e+11	-7.7926e+11	4.03177e+10	-3.12768e+10	1.43334e+12	2.8618e+12	1.39017e+11	-3.61832e+12	-2.66011e+12
8.58e+09	7.07475e+08	9.55005e+08	-3.04191e+10	1.04365e+11	1.29937e+11	7.65657e+10	2.2792e+11	4.68396e+09	-7.22757e+11	2.93541e+11	1.62193e+11	1.42462e+12	2.8648e+12	2.87823e+09	-3.68181e+12	-2.57174e+12
8.6e+09	5.26884e+08	7.55569e+08	-7.4509e+09	1.08459e+11	-1.42848e+11	4.41431e+10	-1.17865e+11	-1.92486e+11	-5.86176e+11	5.14373e+11	3.52738e+11	1.39023e+12	2.86133e+12	-1.33264e+11	-3.74314e+12	-2.48187e+12
8.62e+09	2.84605e+08	6.1784e+08	1.58524e+10	1.07489e+11	6.44728e+10	-1.35088e+11	-1.01872e+11	2.04291e+11	-3.84501e+11	6.78218e+11	5.36921e+11	1.3308e+12	2.85138e+12	-2.69101e+11	-3.80228e+12	-2.39053e+12
8.64e+09	4.98079e+06	5.57577e+08	3.8382e+10	1.01502e+11	5.65839e+10	1.39063e+11	2.26433e+11	-1.81177e+10	-1.40046e+11	7.66735e+11	7.11432e+11	1.24745e+12	2.83499e+12	-4.04326e+11	-3.85919e+12	-2.29779e+12
