3e+08	1.70423e+08	1.1567e+09	-1.53002e+10	-1.05514e+11	1.76815e+10	-1.47969e+11	1.07591e+11	2.02107e+11	-7.46187e+11	2.27155e+11	1.32234e+12	-6.08921e+11	1.87132e+12	2.17455e+12	1.59431e+12	4.20758e+12
6e+08	4.41618e+08	2.22351e+09	3.09584e+10	1.05816e+11	-3.45189e+10	1.47683e+11	1.89821e+11	1.28468e+11	-4.38053e+11	-6.45585e+11	-1.05264e+12	-1.01381e+12	2.83265e+12	4.222e+11	2.98136e+12	3.3683e+12
9e+08	-6.33712e+08	1.66823e+09	-4.57249e+10	-9.62467e+10	5.09961e+10	-1.39307e+11	2.25646e+11	2.32357e+10	4.85351e+11	-6.11162e+11	-4.89012e+11	1.34855e+12	2.41132e+12	-1.53462e+12	3.98056e+12	2.09102e+12
1.2e+09	-1.37045e+09	1.36993e+09	5.71736e+10	9.21025e+10	-6.93447e+10	1.34665e+11	2.07743e+11	-8.68683e+10	7.25913e+11	2.83125e+11	1.44475e+12	-1.35564e+11	8.07994e+11	-2.73776e+12	4.46146e+12	5.41711e+11
1.5e+09	7.32957e+07	1.31036e+09	-7.09428e+10	-7.9808e+10	8.29876e+10	-1.23807e+11	1.41856e+11	-1.75539e+11	-5.91111e+10	7.7763e+11	-6.63152e+11	-1.30446e+12	-1.19235e+12	-2.59384e+12	4.36079e+12	-1.07799e+12
1.8e+09	9.12712e+08	1.2142e+09	8.27033e+10	7.16741e+10	-9.63331e+10	1.1498e+11	4.11962e+10	-2.21718e+11	-7.60935e+11	1.70534e+11	-9.19725e+11	1.10536e+12	-2.60654e+12	-1.17315e+12	3.69111e+12	-2.55678e+12
2.1e+09	-4.03625e+07	2.2102e+09	-9.116e+10	-5.54567e+10	1.0962e+11	-1.00222e+11	-7.08752e+10	-2.12994e+11	-3.88829e+11	-6.76887e+11	1.40103e+12	3.54104e+11	-2.74302e+12	8.24282e+11	2.53935e+12	-3.7014e+12
2.4e+09	-4.35066e+08	2.59006e+09	9.79272e+10	4.70142e+10	-1.21582e+11	9.0546e+10	-1.65367e+11	-1.53023e+11	5.3014e+11	-5.72618e+11	-2.02196e+11	-1.45139e+12	-1.54018e+12	2.42082e+12	1.05574e+12	-4.36204e+12
2.7e+09	-3.05419e+08	1.08583e+09	-1.04061e+11	-2.8399e+10	1.30111e+11	-7.30341e+10	-2.19657e+11	-5.74513e+10	7.03802e+11	3.36849e+11	-1.24281e+12	7.30112e+11	4.12046e+11	2.84141e+12	-5.65911e+11	-4.45214e+12
3e+09	-2.15657e+08	6.67094e+08	1.06673e+11	1.54325e+10	-1.38594e+11	5.79748e+10	-2.21456e+11	5.32371e+10	-1.17098e+11	7.70955e+11	1.1969e+12	8.01581e+11	2.1642e+12	1.8836e+12	-2.11358e+12	-3.95997e+12
3.3e+09	7.04904e+08	1.964e+09	-1.07189e+11	3.06814e+09	1.44717e+11	-3.9789e+10	-1.6961e+11	1.531e+11	-7.72041e+11	1.13649e+11	2.83447e+11	-1.43713e+12	2.86361e+12	1.09696e+10	-3.38504e+12	-2.95003e+12
3.6e+09	8.50514e+08	2.26576e+09	1.07518e+11	-1.38326e+10	-1.47137e+11	2.57511e+10	-7.80787e+10	2.16042e+11	-3.37391e+11	-7.0399e+11	-1.42055e+12	2.72048e+11	2.16513e+12	-1.86542e+12	-4.21442e+12	-1.55461e+12
3.9e+09	-5.75168e+08	1.80873e+09	-1.03775e+11	3.34059e+10	1.4914e+11	-5.27874e+09	3.06904e+10	2.2758e+11	5.71389e+11	-5.32293e+11	8.51839e+11	1.15675e+12	4.05301e+11	-2.82553e+12	-4.49392e+12	4.39234e+10
4.2e+09	-5.72682e+08	1.5216e+09	9.71386e+10	-4.41169e+10	-1.50021e+11	-1.00974e+10	1.33374e+11	1.85794e+11	6.77055e+11	3.88277e+11	7.35599e+11	-1.26488e+12	-1.55361e+12	-2.39522e+12	-4.18768e+12	1.63696e+12
4.5e+09	8.66958e+08	7.2641e+08	-8.91991e+10	6.02402e+10	1.48049e+11	2.86981e+10	2.05736e+11	9.97692e+10	-1.73469e+11	7.60194e+11	-1.43492e+12	-2.19495e+11	-2.74889e+12	-7.8661e+11	-3.33616e+12	3.0171e+12
4.8e+09	8.45153e+08	8.05791e+08	8.15858e+10	-7.06422e+10	-1.41864e+11	-4.52817e+10	2.27825e+11	-8.98233e+09	-7.78173e+11	5.56976e+10	4.077e+11	1.37473e+12	-2.59696e+12	1.20901e+12	-2.05064e+12	4.00495e+12
5.1e+09	3.20007e+07	2.13134e+09	-6.95372e+10	8.47026e+10	1.36584e+11	6.35979e+10	1.94873e+11	-1.14121e+11	-2.84771e+11	-7.27367e+11	1.10773e+12	-9.50833e+11	-1.17765e+12	2.61619e+12	-4.98521e+11	4.47231e+12
5.4e+09	-3.06263e+08	1.82846e+09	5.68438e+10	-8.95712e+10	-1.28438e+11	-7.62017e+10	1.15591e+11	-1.9293e+11	6.08815e+11	-4.89083e+11	-1.28663e+12	-6.83821e+11	8.14631e+11	2.75232e+12	1.11834e+12	4.35853e+12
5.7e+09	-8.3021e+08	4.27185e+08	-4.42197e+10	9.93175e+10	1.17571e+11	9.20221e+10	8.27108e+09	-2.25916e+11	6.45718e+11	4.36725e+11	-8.67664e+10	1.43096e+12	2.41142e+12	1.55283e+12	2.5898e+12	3.67825e+12
6e+09	-4.8222e+08	8.39652e+08	2.83903e+10	-1.03008e+11	-1.07033e+11	-1.04842e+11	-1.00482e+11	-2.02483e+11	-2.30339e+11	7.45088e+11	1.35384e+12	-5.31588e+11	2.83515e+12	-4.00516e+11	3.72437e+12	2.51966e+12
6.3e+09	7.20996e+08	1.85887e+09	-1.29572e+10	1.0899e+11	9.44421e+10	1.18526e+11	-1.84209e+11	-1.29479e+11	-7.80203e+11	-1.64353e+09	-9.92872e+11	-1.07296e+12	1.87456e+12	-2.15689e+12	4.37401e+12	1.03321e+12
6.6e+09	1.53323e+08	2.00132e+09	-1.61496e+09	-1.05771e+11	-7.89776e+10	-1.25563e+11	-2.25286e+11	-2.57596e+10	-2.30095e+11	-7.4601e+11	-5.68789e+11	1.31742e+12	-4.74869e+09	-2.85448e+12	4.45351e+12	-5.87679e+11
6.9e+09	-1.14886e+09	2.14897e+09	1.60044e+10	1.08776e+11	6.27313e+10	1.37446e+11	-2.13113e+11	8.46471e+10	6.42738e+11	-4.41639e+11	1.44908e+12	-5.03885e+10	-1.88152e+12	-2.1475e+12	3.95187e+12	-2.13165e+12
7.2e+09	-4.42298e+08	1.62333e+09	-3.27077e+10	-1.01224e+11	-4.78141e+10	-1.40846e+11	-1.48434e+11	1.74761e+11	6.11303e+11	4.84405e+11	-5.8849e+11	-1.34033e+12	-2.83364e+12	-3.83646e+11	2.93402e+12	-3.39692e+12
7.5e+09	5.78782e+08	6.66603e+08	4.71612e+10	9.80922e+10	3.10698e+10	1.47128e+11	-4.82818e+10	2.23285e+11	-2.84863e+11	7.25216e+11	-9.84949e+11	1.04867e+12	-2.3973e+12	1.56962e+12	1.53267e+12	-4.21796e+12
7.8e+09	3.86933e+08	1.55493e+09	-5.97333e+10	-8.79306e+10	-1.26531e+10	-1.48031e+11	6.22192e+10	2.20928e+11	-7.77774e+11	-6.03733e+10	1.37719e+12	4.34905e+11	-7.90803e+11	2.75859e+12	-6.9082e+10	-4.48723e+12
8.1e+09	2.32133e+08	2.7535e+09	7.24422e+10	8.30247e+10	-4.34116e+09	1.52274e+11	1.58157e+11	1.66835e+11	-1.73221e+11	-7.6029e+11	-1.18614e+11	-1.46118e+12	1.20045e+12	2.60773e+12	-1.66181e+12	-4.16957e+12
3e+08	1.70423e+08	1.1567e+09	-1.53002e+10	-1.05514e+11	1.76815e+10	-1.47969e+11	1.07591e+11	2.02107e+11	-7.46187e+11	2.27155e+11	1.32234e+12	-6.08921e+11	1.87132e+12	2.17455e+12	1.59431e+12	4.20758e+12
6e+08	4.41618e+08	2.22351e+09	3.09584e+10	1.05816e+11	-3.45189e+10	1.47683e+11	1.89821e+11	1.28468e+11	-4.38053e+11	-6.45585e+11	-1.05264e+12	-1.01381e+12	2.83265e+12	4.222e+11	2.98136e+12	3.3683e+12
9e+08	-6.33712e+08	1.66823e+09	-4.57249e+10	-9.62467e+10	5.09961e+10	-1.39307e+11	2.25646e+11	2.32357e+10	4.85351e+11	-6.11162e+11	-4.89012e+11	1.34855e+12	2.41132e+12	-1.53462e+12	3.98056e+12	2.09102e+12
1.2e+09	-1.37045e+09	1.36993e+09	5.71736e+10	9.21025e+10	-6.93447e+10	1.34665e+11	2.07743e+11	-8.68683e+10	7.25913e+11	2.83125e+11	1.44475e+12	-1.35564e+11	8.07994e+11	-2.73776e+12	4.46146e+12	5.41711e+11
1.5e+09	7.32957e+07	1.31036e+09	-7.09428e+10	-7.9808e+10	8.29876e+10	-1.23807e+11	1.41856e+11	-1.75539e+11	-5.91111e+10	7.7763e+11	-6.63152e+11	-1.30446e+12	-1.19235e+12	-2.59384e+12	4.36079e+12	-1.07799e+12
1.8e+09	9.12712e+08	1.2142e+09	8.27033e+10	7.16741e+10	-9.63331e+10	1.1498e+11	4.11962e+10	-2.21718e+11	-7.60935e+11	1.70534e+11	-9.19725e+11	1.10536e+12	-2.60654e+12	-1.17315e+12	3.69111e+12	-2.55678e+12
2.1e+09	-4.03625e+07	2.2102e+09	-9.116e+10	-5.54567e+10	1.0962e+11	-1.00222e+11	-7.08752e+10	-2.12994e+11	-3.88829e+11	-6.76887e+11	1.40103e+12	3.54104e+11	-2.74302e+12	8.24282e+11	2.53935e+12	-3.7014e+12
2.4e+09	-4.35066e+08	2.59006e+09	9.79272e+10	4.70142e+10	-1.21582e+11	9.0546e+10	-1.65367e+11	-1.53023e+11	5.3014e+11	-5.72618e+11	-2.02196e+11	-1.45139e+12	-1.54018e+12	2.42082e+12	1.05574e+12	-4.36204e+12
2.7e+09	-3.05419e+08	1.08583e+09	-1.04061e+11	-2.8399e+10	1.30111e+11	-7.30341e+10	-2.19657e+11	-5.74513e+10	7.03802e+11	3.36849e+11	-1.24281e+12	7.30112e+11	4.12046e+11	2.84141e+12	-5.65911e+11	-4.45214e+12
3e+09	-2.15657e+08	6.67094e+08	1.06673e+11	1.54325e+10	-1.38594e+11	5.79748e+10	-2.21456e+11	5.32371e+10	-1.17098e+11	7.70955e+11	1.1969e+12	8.01581e+11	2.1642e+12	1.8836e+12	-2.11358e+12	-3.95997e+12
3.3e+09	7.04904e+08	1.964e+09	-1.07189e+11	3.06814e+09	1.44717e+11	-3.9789e+10	-1.6961e+11	1.531e+11	-7.72041e+11	1.13649e+11	2.83447e+11	-1.43713e+12	2.86361e+12	1.09696e+10	-3.38504e+12	-2.95003e+12
3.6e+09	8.50514e+08	2.26576e+09	1.07518e+11	-1.38326e+10	-1.47137e+11	2.57511e+10	-7.80787e+10	2.16042e+11	-3.37391e+11	-7.0399e+11	-1.42055e+12	2.72048e+11	2.16513e+12	-1.86542e+12	-4.21442e+12	-1.55461e+12
3.9e+09	-5.75168e+08	1.80873e+09	-1.03775e+11	3.34059e+10	1.4914e+11	-5.27874e+09	3.06904e+10	2.2758e+11	5.71389e+11	-5.32293e+11	8.51839e+11	1.15675e+12	4.05301e+11	-2.82553e+12	-4.49392e+12	4.39234e+10
4.2e+09	-5.72682e+08	1.5216e+09	9.71386e+10	-4.41169e+10	-1.50021e+11	-1.00974e+10	1.33374e+11	1.85794e+11	6.77055e+11	3.88277e+11	7.35599e+11	-1.26488e+12	-1.55361e+12	-2.39522e+12	-4.18768e+12	1.63696e+12
4.5e+09	8.66958e+08	7.2641e+08	-8.91991e+10	6.02402e+10	1.48049e+11	2.86981e+10	2.05736e+11	9.97692e+10	-1.73469e+11	7.60194e+11	-1.43492e+12	-2.19495e+11	-2.74889e+12	-7.8661e+11	-3.33616e+12	3.0171e+12
4.8e+09	8.45153e+08	8.05791e+08	8.15858e+10	-7.06422e+10	-1.41864e+11	-4.52817e+10	2.27825e+11	-8.98233e+09	-7.78173e+11	5.56976e+10	4.077e+11	1.37473e+12	-2.59696e+12	1.20901e+12	-2.05064e+12	4.00495e+12
5.1e+09	3.20007e+07	2.13134e+09	-6.95372e+10	8.47026e+10	1.36584e+11	6.35979e+10	1.94873e+11	-1.14121e+11	-2.84771e+11	-7.27367e+11	1.10773e+12	-9.50833e+11	-1.17765e+12	2.61619e+12	-4.98521e+11	4.47231e+12
5.4e+09	-3.06263e+08	1.82846e+09	5.68438e+10	-8.95712e+10	-1.28438e+11	-7.62017e+10	1.15591e+11	-1.9293e+11	6.08815e+11	-4.89083e+11	-1.28663e+12	-6.83821e+11	8.14631e+11	2.75232e+12	1.11834e+12	4.35853e+12
5.7e+09	-8.3021e+08	4.27185e+08	-4.42197e+10	9.93175e+10	1.17571e+11	9.20221e+10	8.27108e+09	-2.25916e+11	6.45718e+11	4.36725e+11	-8.67664e+10	1.43096e+12	2.41142e+12	1.55283e+12	2.5898e+12	3.67825e+12
6e+09	-4.8222e+08	8.39652e+08	2.83903e+10	-1.03008e+11	-1.07033e+11	-1.04842e+11	-1.00482e+11	-2.02483e+11	-2.30339e+11	7.45088e+11	1.35384e+12	-5.31588e+11	2.83515e+12	-4.00516e+11	3.72437e+12	2.51966e+12
6.3e+09	7.20996e+08	1.85887e+09	-1.29572e+10	1.0899e+11	9.44421e+10	1.18526e+11	-1.84209e+11	-1.29479e+11	-7.80203e+11	-1.64353e+09	-9.92872e+11	-1.07296e+12	1.87456e+12	-2.15689e+12	4.37401e+12	1.03321e+12
6.6e+09	1.53323e+08	2.00132e+09	-1.61496e+09	-1.05771e+11	-7.89776e+10	-1.25563e+11	-2.25286e+11	-2.57596e+10	-2.30095e+11	-7.4601e+11	-5.68789e+11	1.31742e+12	-4.74869e+09	-2.85448e+12	4.45351e+12	-5.87679e+11
6.9e+09	-1.14886e+09	2.14897e+09	1.60044e+10	1.08776e+11	6.27313e+10	1.37446e+11	-2.13113e+11	8.46471e+10	6.42738e+11	-4.41639e+11	1.44908e+12	-5.03885e+10	-1.88152e+12	-2.1475e+12	3.95187e+12	-2.13165e+12
7.2e+09	-4.42298e+08	1.62333e+09	-3.27077e+10	-1.01224e+11	-4.78141e+10	-1.40846e+11	-1.48434e+11	1.74761e+11	6.11303e+11	4.84405e+11	-5.8849e+11	-1.34033e+12	-2.83364e+12	-3.83646e+11	2.93402e+12	-3.39692e+12
7.5e+09	5.78782e+08	6.66603e+08	4.71612e+10	9.80922e+10	3.10698e+10	1.47128e+11	-4.82818e+10	2.23285e+11	-2.84863e+11	7.25216e+11	-9.84949e+11	1.04867e+12	-2.3973e+12	1.56962e+12	1.53267e+12	-4.21796e+12
7.8e+09	3.86933e+08	1.55493e+09	-5.97333e+10	-8.79306e+10	-1.26531e+10	-1.48031e+11	6.22192e+10	2.20928e+11	-7.77774e+11	-6.03733e+10	1.37719e+12	4.34905e+11	-7.90803e+11	2.75859e+12	-6.9082e+10	-4.48723e+12
8.1e+09	2.32133e+08	2.7535e+09	7.24422e+10	8.30247e+10	-4.34116e+09	1.52274e+11	1.58157e+11	1.66835e+11	-1.73221e+11	-7.6029e+11	-1.18614e+11	-1.46118e+12	1.20045e+12	2.60773e+12	-1.66181e+12	-4.16957e+12
8.4e+09	-2.34346e+08	1.8158e+09	-8.327e+10	-6.69695e+10	2.17823e+10	-1.46707e+11	2.16236e+11	7.17022e+10	6.74754e+11	-3.92055e+11	-1.2843e+12	6.56264e+11	2.60868e+12	1.19145e+12	-3.03734e+12	-3.30669e+12
8.7e+09	-7.87356e+08	8.9506e+08	9.11527e+10	5.74577e+10	-4.01676e+10	1.45226e+11	2.22625e+11	-4.00566e+10	5.725e+11	5.28602e+11	1.14701e+12	8.71338e+11	2.74753e+12	-8.03278e+11	-4.01621e+12	-2.01171e+12
9e+09	3.824e+08	1.37463e+09	-9.87664e+10	-4.10608e+10	5.62409e+10	-1.37969e+11	1.77234e+11	-1.40596e+11	-3.39118e+11	7.02024e+11	3.63975e+11	-1.41855e+12	1.54446e+12	-2.40387e+12	-4.47105e+12	-4.54015e+11
9.3e+09	1.38683e+09	1.6331e+09	1.05544e+11	2.98567e+10	-7.06332e+10	1.32796e+11	8.91699e+10	-2.07272e+11	-7.70138e+11	-1.1903e+11	-1.43582e+12	1.88358e+11	-4.16045e+11	-2.82372e+12	-4.34318e+12	1.16311e+12
9.6e+09	1.69583e+08	1.84904e+09	-1.06969e+11	-1.07587e+10	8.68213e+10	-1.20708e+11	-2.22093e+10	-2.2357e+11	-1.15428e+11	-7.72127e+11	7.81376e+11	1.20454e+12	-2.17163e+12	-1.85402e+12	-3.64979e+12	2.62902e+12
9.9e+09	-6.47788e+08	1.9891e+09	1.07211e+11	-4.35616e+08	-1.01319e+11	1.12743e+11	-1.27817e+11	-1.85616e+11	7.0218e+11	-3.40109e+11	8.06369e+11	-1.22114e+12	-2.85982e+12	2.80761e+10	-2.48165e+12	3.75319e+12
1.02e+10	4.33595e+07	7.43922e+08	-1.06312e+11	1.89981e+10	1.12757e+11	-9.83065e+10	-2.01304e+11	-1.03797e+11	5.31675e+11	5.70444e+11	-1.42096e+12	-3.02545e+11	-2.14711e+12	1.89797e+12	-9.90895e+11	4.38966e+12
1.05e+10	2.65263e+08	1.1474e+08	1.02996e+11	-3.27492e+10	-1.23523e+11	8.43469e+10	-2.26935e+11	3.72097e+09	-3.91276e+11	6.73739e+11	3.24921e+11	1.39657e+12	-3.87137e+11	2.8437e+12	6.28605e+11	4.45585e+12
1.08e+10	2.14643e+08	1.62407e+09	-9.66613e+10	4.92353e+10	1.32805e+11	-6.85059e+10	-1.98494e+11	1.12531e+11	-7.60359e+11	-1.7683e+11	1.15899e+12	-8.85568e+11	1.56154e+12	2.40847e+12	2.16633e+12	3.94299e+12
1.11e+10	1.15246e+08	2.28433e+09	8.93038e+10	-5.83252e+10	-1.3996e+11	5.53423e+10	-1.22791e+11	1.9408e+11	-5.77592e+10	-7.78716e+11	-1.24665e+12	-7.57004e+11	2.75212e+12	8.05053e+11	3.42226e+12	2.91746e+12
1.14e+10	-9.7509e+08	1.35166e+09	-8.04491e+10	7.4429e+10	1.44232e+11	-3.60001e+10	-1.88357e+10	2.28584e+11	7.25572e+11	-2.87226e+11	-1.71706e+11	1.4233e+12	2.6036e+12	-1.18865e+12	4.23266e+12	1.5123e+12
1.17e+10	-1.14203e+09	1.17655e+09	6.71901e+10	-8.22085e+10	-1.49783e+11	2.01543e+10	9.01791e+10	2.09969e+11	4.86946e+11	6.09078e+11	1.38156e+12	-4.52198e+11	1.18344e+12	-2.60029e+12	4.4914e+12	-8.97423e+10
1.2e+10	5.07279e+08	1.4237e+09	-5.50704e+10	9.40036e+10	1.50351e+11	-1.0988e+09	1.79395e+11	1.42294e+11	-4.40769e+11	6.439e+11	-9.30218e+11	-1.12764e+12	-8.16663e+11	-2.73502e+12	4.16402e+12	-1.67985e+12
1.23e+10	8.31818e+08	1.5895e+09	4.26922e+10	-9.77391e+10	-1.48209e+11	-1.45677e+10	2.24749e+11	4.10209e+10	-7.45147e+11	-2.32277e+11	-6.46115e+11	1.28207e+12	-2.41504e+12	-1.5234e+12	3.2927e+12	-3.05027e+12
1.26e+10	-3.93272e+08	2.43327e+09	-2.75315e+10	1.06959e+11	1.45857e+11	3.48525e+10	2.15142e+11	-6.89418e+10	-1.88291e+06	-7.80822e+11	1.44788e+12	3.42249e+10	-2.82629e+12	4.38291e+11	1.9909e+12	-4.02167e+12
1.29e+10	-5.05738e+08	2.25914e+09	1.14534e+10	-1.04859e+11	-1.41755e+11	-4.81402e+10	1.54971e+11	-1.62787e+11	7.45309e+11	-2.32466e+11	-5.12197e+11	-1.37182e+12	-1.85246e+12	2.18677e+12	4.2873e+11	-4.46686e+12
1.32e+10	-6.2429e+07	7.11165e+08	3.44911e+09	1.08654e+11	1.34544e+11	6.63086e+10	5.80122e+10	-2.1827e+11	4.41108e+11	6.43399e+11	-1.04577e+12	9.883e+11	2.54594e+10	2.87021e+12	-1.18953e+12	-4.32761e+12
1.35e+10	1.34117e+08	8.74829e+08	-1.87872e+10	-1.05239e+11	-1.25594e+11	-8.09952e+10	-5.32983e+10	-2.19267e+11	-4.87206e+11	6.09211e+11	1.34831e+12	5.14469e+11	1.89132e+12	2.15999e+12	-2.65229e+12	-3.62239e+12
1.38e+10	7.72354e+08	2.31018e+09	3.46392e+10	1.04858e+11	1.16318e+11	9.74657e+10	-1.51184e+11	-1.65916e+11	-7.25798e+11	-2.86566e+11	-3.51479e+10	-1.46502e+12	2.83917e+12	4.02043e+11	-3.76862e+12	-2.44375e+12
1.41e+10	4.44077e+08	2.20459e+09	-4.77979e+10	-9.41951e+10	-1.02867e+11	-1.06665e+11	-2.13501e+11	-7.35956e+10	5.77744e+10	-7.78692e+11	-1.32135e+12	5.80188e+11	2.40575e+12	-1.55001e+12	-4.39318e+12	-9.45995e+11
1.44e+10	-8.43657e+08	1.49563e+09	6.06201e+10	9.02772e+10	8.92773e+10	1.20963e+11	-2.2544e+11	3.63569e+10	7.6016e+11	-1.76802e+11	1.09194e+12	9.37319e+11	7.97139e+11	-2.74306e+12	-4.44515e+12	6.7532e+11
1.47e+10	-2.46141e+08	1.26541e+09	-7.38565e+10	-7.75066e+10	-7.54796e+10	-1.28639e+11	-1.81884e+11	1.38478e+11	3.92056e+11	6.74364e+11	4.43389e+11	-1.39558e+12	-1.20211e+12	-2.58882e+12	-3.9184e+12	2.20895e+12
1.5e+10	1.18097e+09	8.08284e+08	8.52204e+10	6.85807e+10	6.08845e+10	1.37995e+11	-9.42608e+10	2.07714e+11	-5.30408e+11	5.70725e+11	-1.44518e+12	1.03499e+11	-2.60959e+12	-1.16042e+12	-2.88199e+12	3.45552e+12
1.53e+10	6.63234e+08	1.22344e+09	-9.22785e+10	-5.34667e+10	-4.23865e+10	-1.42617e+11	1.4023e+10	2.28771e+11	-7.02196e+11	-3.40466e+11	7.07897e+11	1.24841e+12	-2.73448e+12	8.39629e+11	-1.471e+12	4.25315e+12
1.56e+10	-3.00621e+08	2.24366e+09	9.94513e+10	4.34676e+10	2.57057e+10	1.49558e+11	1.18782e+11	1.96485e+11	1.15173e+11	-7.71977e+11	8.74781e+11	-1.17209e+12	-1.51991e+12	2.42981e+12	1.31133e+11	4.49837e+12
1.59e+10	-4.42158e+08	1.39677e+09	-1.05094e+11	-2.47266e+10	-8.95127e+09	-1.48512e+11	1.96047e+11	1.1631e+11	7.71001e+11	-1.19673e+11	-1.40259e+12	-3.83756e+11	4.36424e+11	2.83635e+12	1.71616e+12	4.15922e+12
1.62e+10	-6.4628e+08	1.86849e+08	1.06662e+11	1.14926e+10	-9.78131e+09	1.49503e+11	2.26509e+11	8.44778e+09	3.39435e+11	7.00823e+11	2.39411e+11	1.41407e+12	2.18127e+12	1.86551e+12	3.07797e+12	3.27944e+12
1.65e+10	-1.31048e+08	1.13824e+09	-1.07925e+11	5.73106e+09	2.63529e+10	-1.46648e+11	2.03399e+11	-9.92296e+10	-5.72822e+11	5.29212e+11	1.20644e+12	-8.17413e+11	2.86702e+12	-9.93917e+09	4.03911e+12	1.973e+12
1.68e+10	6.62385e+08	2.18123e+09	1.06746e+11	-1.73662e+10	-4.31155e+10	1.45244e+11	1.31768e+11	-1.82753e+11	-6.7442e+11	-3.91498e+11	-1.20224e+12	-8.28334e+11	2.15787e+12	-1.87935e+12	4.47391e+12	4.09639e+11
1.71e+10	-3.31562e+08	2.01947e+09	-1.02444e+11	3.69514e+10	5.97124e+10	-1.35574e+11	2.68098e+10	-2.22885e+11	1.72916e+11	-7.61044e+11	-2.56477e+11	1.41093e+12	3.94981e+11	-2.82915e+12	4.32494e+12	-1.20694e+12
1.74e+10	-1.26067e+09	1.91549e+09	9.49156e+10	-4.68774e+10	-7.72459e+10	1.30828e+11	-8.46165e+10	-2.08763e+11	7.77019e+11	-6.05642e+10	1.40509e+12	-3.7103e+11	-1.56119e+12	-2.38959e+12	3.61098e+12	-2.66562e+12
1.77e+10	-3.03271e+07	1.38318e+09	-8.81142e+10	6.37968e+10	9.02941e+10	-1.18482e+11	-1.73835e+11	-1.44216e+11	2.8575e+11	7.25624e+11	-8.6514e+11	-1.1789e+12	-2.74943e+12	-7.73846e+11	2.42485e+12	-3.77549e+12
1.8e+10	8.54475e+08	8.6591e+08	7.92429e+10	-7.31663e+10	-1.03168e+11	1.08501e+11	-2.2159e+11	-4.46685e+10	-6.10521e+11	4.84191e+11	-7.21885e+11	1.24238e+12	-2.58637e+12	1.2233e+12	9.21485e+11	-4.39122e+12
1.83e+10	2.88315e+08	2.01171e+09	-6.65735e+10	8.67978e+10	1.15941e+11	-9.35769e+10	-2.1749e+11	6.74757e+10	-6.43357e+11	-4.415e+11	1.44237e+12	1.18006e+11	-1.15612e+12	2.62296e+12	-7.02441e+11	-4.4322e+12
1.86e+10	-1.67912e+07	2.70221e+09	5.41574e+10	-9.0498e+10	-1.26327e+11	8.31166e+10	-1.61157e+11	1.63551e+11	2.30045e+11	-7.45527e+11	-4.3393e+11	-1.39947e+12	8.38415e+11	2.74495e+12	-2.23453e+12	-3.89334e+12
1.89e+10	-3.56948e+08	1.32752e+09	-4.05288e+10	1.01567e+11	1.34294e+11	-6.47354e+10	-6.65164e+10	2.19412e+11	7.80471e+11	-2.26227e+09	-1.1028e+12	9.25505e+11	2.42595e+12	1.53378e+12	-3.47463e+12	-2.84549e+12
1.92e+10	-4.99496e+08	7.22136e+08	2.50085e+10	-1.04e+11	-1.42131e+11	4.95015e+10	4.39362e+10	2.2428e+11	2.30248e+11	7.44805e+11	1.31512e+12	5.92686e+11	2.83557e+12	-4.21262e+11	-4.26125e+12	-1.42602e+12
1.95e+10	7.52032e+08	1.59645e+09	-9.44801e+09	1.09109e+11	1.47008e+11	-3.13199e+10	1.45282e+11	1.77689e+11	-6.45647e+11	4.37543e+11	4.72219e+10	-1.46431e+12	1.86508e+12	-2.16965e+12	-4.4924e+12	1.79599e+11
1.98e+10	1.18174e+09	1.86716e+09	-4.07711e+09	-1.05786e+11	-1.47982e+11	1.63115e+10	2.11504e+11	8.8656e+10	-6.084e+11	-4.88544e+11	-1.35443e+12	5.02324e+11	-1.67236e+10	-2.85609e+12	-4.13869e+12	1.76208e+12
2.01e+10	-3.18222e+08	1.85159e+09	2.02901e+10	1.07862e+11	1.49522e+11	3.87019e+09	2.25718e+11	-2.12772e+10	2.8497e+11	-7.27272e+11	1.03366e+12	9.99171e+11	-1.88956e+12	-2.13951e+12	-3.24671e+12	3.11563e+12
2.04e+10	-6.68284e+08	1.65534e+09	-3.62536e+10	-1.00091e+11	-1.49157e+11	-1.90153e+10	1.87004e+11	-1.25843e+11	7.78607e+11	5.58175e+10	5.21181e+11	-1.36849e+12	-2.83261e+12	-3.69639e+11	-1.93282e+12	4.06454e+12
2.07e+10	3.69982e+08	4.79482e+08	5.00949e+10	9.63406e+10	1.45554e+11	3.73368e+10	1.04647e+11	-2.00721e+11	1.74588e+11	7.59937e+11	-1.44961e+12	1.89317e+10	-2.38403e+12	1.58306e+12	-3.67854e+11	4.48567e+12
2.1e+10	4.35063e+08	4.2958e+08	-6.25548e+10	-8.70587e+10	-1.39242e+11	-5.42264e+10	-3.88198e+09	-2.26054e+11	-6.76628e+11	3.87904e+11	6.32154e+11	1.28763e+12	-7.68241e+11	2.76215e+12	1.24487e+12	4.32429e+12
2.13e+10	8.42455e+07	2.03933e+09	7.48642e+10	7.99225e+10	1.3262e+11	7.16997e+10	-1.11676e+11	-1.95083e+11	-5.71402e+11	-5.32575e+11	9.3909e+11	-1.11931e+12	1.22272e+12	2.59642e+12	2.69572e+12	3.60103e+12
2.16e+10	-2.36895e+08	2.14041e+09	-8.54597e+10	-6.3913e+10	-1.23435e+11	-8.3515e+10	-1.92559e+11	-1.18118e+11	3.37347e+11	-7.04425e+11	-1.37948e+12	-4.63816e+11	2.62008e+12	1.17025e+12	3.79575e+12	2.40949e+12
2.19e+10	-1.12739e+09	9.84117e+08	9.26054e+10	5.45306e+10	1.1146e+11	9.96166e+10	-2.27784e+11	-1.34428e+10	7.71774e+11	1.13149e+11	1.54132e+11	1.42528e+12	2.74511e+12	-8.23215e+11	4.40125e+12	9.04227e+11
2.22e+10	-7.63541e+08	1.13045e+09	-1.01238e+11	-3.80678e+10	-1.00736e+11	-1.10816e+11	-2.07534e+11	9.59791e+10	1.1707e+11	7.7124e+11	1.25047e+12	-7.46353e+11	1.53407e+12	-2.41462e+12	4.43259e+12	-7.18779e+11
2.25e+10	8.18672e+08	1.68289e+09	1.05843e+11	2.65218e+10	8.72339e+10	1.23844e+11	-1.36749e+11	1.83207e+11	-7.03388e+11	3.37455e+11	-1.15267e+12	-8.96183e+11	-4.26287e+11	-2.82406e+12	3.88488e+12	-2.24768e+12
2.28e+10	5.52969e+08	1.91908e+09	-1.06939e+11	-7.22013e+09	-7.07218e+10	-1.30207e+11	-3.51791e+10	2.27016e+11	-5.30186e+11	-5.72845e+11	-3.40167e+11	1.39341e+12	-2.17699e+12	-1.84611e+12	2.82916e+12	-3.4824e+12
2.31e+10	-7.25271e+08	2.4556e+09	1.07003e+11	-3.44884e+09	5.4769e+10	1.41389e+11	7.3951e+10	2.17781e+11	3.88454e+11	-6.76826e+11	1.42295e+12	-2.87917e+11	-2.85643e+12	4.09181e+10	1.40319e+12	-4.26119e+12
2.34e+10	-3.9488e+08	1.8459e+09	-1.06101e+11	2.35225e+10	-3.90769e+10	-1.43229e+11	1.66903e+11	1.56391e+11	7.61563e+11	1.7046e+11	-7.97425e+11	-1.22653e+12	-2.13195e+12	1.90919e+12	-2.06411e+11	-4.48204e+12
2.37e+10	2.77959e+08	5.14327e+08	1.0189e+11	-3.56521e+10	2.17721e+10	1.48557e+11	2.20474e+11	5.75887e+10	5.97164e+10	7.77065e+11	-7.95766e+11	1.19671e+12	-3.63299e+11	2.84444e+12	-1.78904e+12	-4.11622e+12
2.4e+10	3.76749e+08	1.24345e+09	-9.48964e+10	5.19677e+10	-3.61133e+09	-1.48854e+11	2.20953e+11	-5.27808e+10	-7.26525e+11	2.83542e+11	1.43203e+12	2.01383e+11	1.58299e+12	2.39475e+12	-3.1378e+12	-3.21208e+12
2.43e+10	6.53281e+08	2.56193e+09	8.7823e+10	-6.0911e+10	-1.30458e+10	1.5153e+11	1.68846e+11	-1.49611e+11	-4.85518e+11	-6.1021e+11	-3.52878e+11	-1.42261e+12	2.76112e+12	7.82797e+11	-4.07688e+12	-1.88828e+12
2.46e+10	2.95413e+07	1.95071e+09	-7.70232e+10	7.75733e+10	3.09736e+10	-1.4497e+11	7.53994e+10	-2.11734e+11	4.38356e+11	-6.45954e+11	-1.15611e+12	8.59138e+11	2.59877e+12	-1.20808e+12	-4.48438e+12	-3.18038e+11
2.49e+10	-9.05998e+08	1.14985e+09	6.4684e+10	-8.44155e+10	-4.90263e+10	1.4282e+11	-3.64788e+10	-2.22572e+11	7.45858e+11	2.26724e+11	1.27723e+12	6.69511e+11	1.17132e+12	-2.60931e+12	-4.30797e+12	1.29389e+12
2.52e+10	1.821e+08	1.16203e+09	-5.23615e+10	9.55031e+10	6.43633e+10	-1.34542e+11	-1.37828e+11	-1.78592e+11	8.46304e+08	7.79521e+11	1.29794e+11	-1.45928e+12	-8.28272e+11	-2.73312e+12	-3.57133e+12	2.73778e+12
2.55e+10	1.33396e+09	1.04178e+09	3.99637e+10	-9.95946e+10	-7.85711e+10	1.27575e+11	-2.05839e+11	-9.14871e+10	-7.44914e+11	2.2744e+11	-1.38334e+12	4.21824e+11	-2.42014e+12	-1.51365e+12	-2.37066e+12	3.82621e+12
2.58e+10	3.07903e+08	1.57735e+09	-2.34385e+10	1.0693e+11	9.42142e+10	-1.15496e+11	-2.26295e+11	1.85103e+10	-4.38352e+11	-6.45921e+11	9.72111e+11	1.05806e+12	-2.82109e+12	4.51478e+11	-8.62136e+11	4.41797e+12
2.61e+10	-5.92541e+08	2.15094e+09	7.90746e+09	-1.05298e+11	-1.07857e+11	1.06561e+11	-1.92422e+11	1.24519e+11	4.85224e+11	-6.10935e+11	5.98359e+11	-1.33666e+12	-1.83578e+12	2.19587e+12	7.58343e+11	4.43622e+12
2.64e+10	-3.99325e+08	9.34625e+08	6.60003e+09	1.08704e+11	1.18093e+11	-9.10908e+10	-1.11774e+11	1.9968e+11	7.26924e+11	2.824e+11	-1.44963e+12	-6.50388e+10	4.86005e+10	2.8669e+12	2.28024e+12	3.87833e+12
2.67e+10	-3.65592e+08	1.52576e+08	-2.2704e+10	-1.05288e+11	-1.29074e+11	7.66933e+10	-4.88611e+09	2.2804e+11	-5.8723e+10	7.76642e+11	5.53783e+11	1.32346e+12	1.91013e+12	2.14244e+12	3.50556e+12	2.81632e+12
2.7e+10	9.60052e+07	1.56303e+09	3.72712e+10	1.02954e+11	1.36669e+11	-6.03797e+10	1.03514e+11	2.04637e+11	-7.61343e+11	1.70897e+11	1.00018e+12	-1.0634e+12	2.84438e+12	3.78314e+11	4.27428e+12	1.38782e+12
2.73e+10	4.22181e+08	2.39104e+09	-5.09204e+10	-9.23893e+10	-1.42642e+11	4.68325e+10	1.87282e+11	1.32457e+11	-3.88749e+11	-6.76613e+11	-1.35207e+12	-5.42858e+11	2.39799e+12	-1.56855e+12	4.48555e+12	-2.21484e+11
2.76e+10	-7.71788e+08	1.86082e+09	6.35458e+10	8.85979e+10	1.46407e+11	-2.66069e+10	2.251e+11	2.8062e+10	5.29745e+11	-5.73157e+11	6.90262e+10	1.43193e+12	7.84617e+11	-2.75037e+12	4.11097e+12	-1.80164e+12
2.79e+10	-1.1513e+09	1.65621e+09	-7.72772e+10	-7.46871e+10	-1.50692e+11	1.15735e+10	2.0982e+11	-8.2253e+10	7.03419e+11	3.36844e+11	1.29092e+12	-6.72928e+11	-1.2118e+12	-2.58593e+12	3.19881e+12	-3.14598e+12
2.82e+10	4.42548e+08	1.30881e+09	8.6641e+10	6.6316e+10	1.5014e+11	7.88602e+09	1.45957e+11	-1.72551e+11	-1.16479e+11	7.714e+11	-1.09984e+12	-9.60643e+11	-2.61261e+12	-1.15091e+12	1.86794e+12	-4.0783e+12
2.85e+10	9.61605e+08	1.20354e+09	-9.37034e+10	-5.0442e+10	-1.46851e+11	-2.39647e+10	4.59702e+10	-2.2084e+11	-7.71628e+11	1.13772e+11	-4.22218e+11	1.37142e+12	-2.72761e+12	8.51195e+11	2.92498e+11	-4.47641e+12
2.88e+10	4.47195e+07	2.35496e+09	1.01084e+11	4.03158e+10	1.44029e+11	4.36069e+10	-6.6201e+10	-2.14285e+11	-3.37477e+11	-7.04025e+11	1.43581e+12	-2.04751e+11	-1.50213e+12	2.43651e+12	-1.32124e+12	-4.28831e+12
2.91e+10	-2.14567e+08	2.4402e+09	-1.05659e+11	-2.02726e+10	-1.38177e+11	-5.64403e+10	-1.61788e+11	-1.56575e+11	5.7137e+11	-5.32321e+11	-7.27185e+11	-1.2702e+12	4.59206e+11	2.83051e+12	-2.76219e+12	-3.53907e+12
2.94e+10	-2.97635e+08	8.51384e+08	1.07327e+11	8.66907e+09	1.30045e+11	7.45196e+10	-2.18317e+11	-6.21931e+10	6.77221e+11	3.87827e+11	-8.65495e+11	1.14766e+12	2.19768e+12	1.8463e+12	-3.84228e+12	-2.32721e+12
2.97e+10	-1.36102e+08	7.46919e+08	-1.07728e+11	8.82941e+09	-1.20693e+11	-8.85954e+10	-2.22325e+11	4.87688e+10	-1.73544e+11	7.60369e+11	1.41671e+12	2.84744e+11	2.86938e+12	-3.38316e+10	-4.42117e+12	-8.11525e+11
3e+10	9.53619e+08	1.90869e+09	1.06357e+11	-2.10557e+10	1.10463e+11	1.03924e+11	-1.7231e+11	1.49553e+11	-7.78113e+11	5.64064e+10	-2.71626e+11	-1.43982e+12	2.14778e+12	-1.89641e+12	-4.42423e+12	8.10116e+11
3.03e+10	7.98221e+08	1.98256e+09	-1.00134e+11	4.01934e+10	-9.57446e+10	-1.12946e+11	-8.23537e+10	2.14119e+11	-2.84575e+11	-7.27153e+11	-1.20542e+12	7.9022e+11	3.80676e+11	-2.83424e+12	-3.85189e+12	2.32664e+12
3.06e+10	-7.22421e+08	1.68602e+09	9.38287e+10	-5.01838e+10	8.19318e+10	1.26415e+11	2.60596e+10	2.28041e+11	6.08977e+11	-4.88954e+11	1.23371e+12	7.43228e+11	-1.57173e+12	-2.38422e+12	-2.77911e+12	3.54114e+12
3.09e+10	-4.87748e+08	1.32002e+09	-8.64996e+10	6.65462e+10	-6.77388e+10	-1.32901e+11	1.29791e+11	1.88258e+11	6.46602e+11	4.36813e+11	2.11597e+11	-1.4497e+12	-2.75136e+12	-7.6223e+11	-1.34553e+12	4.29614e+12
3.12e+10	7.19061e+08	4.17091e+08	7.66654e+10	-7.61107e+10	5.19404e+10	1.40981e+11	2.03608e+11	1.03613e+11	-2.29151e+11	7.44808e+11	-1.40641e+12	3.39518e+11	-2.57733e+12	1.23547e+12	2.62701e+11	4.49369e+12
3.15e+10	4.40683e+08	8.68357e+08	-6.36253e+10	8.77789e+10	-3.38521e+10	-1.45312e+11	2.27652e+11	-4.26847e+09	-7.80285e+11	-2.11519e+09	9.07024e+11	1.11329e+12	-1.1372e+12	2.62746e+12	1.83679e+12	4.10794e+12
3.18e+10	-1.73673e+08	2.30967e+09	5.09421e+10	-9.26024e+10	1.67829e+10	1.50938e+11	1.97119e+11	-1.09885e+11	-2.30398e+11	-7.45971e+11	6.73571e+11	-1.29916e+12	8.59866e+11	2.73564e+12	3.1721e+12	3.18847e+12
3.21e+10	-5.18068e+08	1.8136e+09	-3.74076e+10	1.03308e+11	4.34188e+07	-1.4834e+11	1.19495e+11	-1.90488e+11	6.43073e+11	-4.42308e+11	-1.44467e+12	-1.48299e+11	2.43886e+12	1.51239e+12	4.09452e+12	1.85433e+12
3.24e+10	-1.07267e+09	6.6697e+08	2.10291e+10	-1.04834e+11	-1.93142e+10	1.49156e+11	1.28292e+10	-2.25441e+11	6.11115e+11	4.83447e+11	4.72583e+11	1.35453e+12	2.83385e+12	-4.4477e+11	4.48313e+12	2.78719e+11
3.27e+10	-3.32058e+08	1.26867e+09	-7.04221e+09	1.09061e+11	3.50404e+10	-1.44641e+11	-9.5984e+10	-2.04102e+11	-2.84988e+11	7.25962e+11	1.05839e+12	-1.00387e+12	1.85287e+12	-2.18485e+12	4.28638e+12	-1.33306e+12
3.3e+10	9.38526e+08	2.01197e+09	-7.79141e+09	-1.0542e+11	-5.15047e+10	1.42144e+11	-1.81144e+11	-1.33134e+11	-7.77256e+11	-5.97024e+10	-1.31937e+12	-6.20647e+11	-3.0205e+10	-2.85924e+12	3.52914e+12	-2.77033e+12
3.33e+10	1.34019e+08	2.11797e+09	2.41552e+10	1.07409e+11	6.83915e+10	-1.31577e+11	-2.24605e+11	-3.0287e+10	-1.73481e+11	-7.60849e+11	-1.66624e+10	1.43374e+12	-1.89782e+12	-2.1337e+12	2.30996e+12	-3.84475e+12
3.36e+10	-9.38972e+08	2.29775e+09	-3.97862e+10	-9.82447e+10	-8.46694e+10	1.26334e+11	-2.14461e+11	8.04423e+10	6.74015e+11	-3.92036e+11	1.32736e+12	-5.96542e+11	-2.83242e+12	-3.59244e+11	7.88213e+11	-4.41537e+12
3.39e+10	-1.02627e+08	1.45528e+09	5.26978e+10	9.5652e+10	9.73039e+10	-1.12707e+11	-1.5149e+11	1.7156e+11	5.73484e+11	5.2874e+11	-1.04415e+12	-1.02204e+12	-2.37314e+12	1.59295e+12	-8.36761e+11	-4.40748e+12
3.42e+10	6.21204e+08	5.328e+08	-6.51653e+10	-8.48637e+10	-1.09784e+11	1.01634e+11	-5.26451e+10	2.22115e+11	-3.3835e+11	7.01514e+11	-5.04256e+11	1.34444e+12	-7.48067e+11	2.76418e+12	-2.35225e+12	-3.82246e+12
3.45e+10	4.51397e+08	1.68642e+09	7.77202e+10	7.70993e+10	1.21657e+11	-8.67055e+10	5.79298e+10	2.22254e+11	-7.70837e+11	-1.1858e+11	1.4441e+12	-1.21656e+11	1.2437e+12	2.58452e+12	-3.56024e+12	-2.7375e+12
3.48e+10	4.04259e+08	2.63741e+09	-8.69171e+10	-6.06128e+10	-1.30587e+11	7.52199e+10	1.55053e+11	1.69885e+11	-1.15333e+11	-7.71385e+11	-6.54185e+11	-1.31068e+12	2.63093e+12	1.14744e+12	-4.30354e+12	-1.29495e+12
3.51e+10	-2.9329e+08	1.54328e+09	9.51316e+10	5.20177e+10	1.38089e+11	-5.62277e+10	2.14785e+11	7.58316e+10	7.02418e+11	-3.40685e+11	-9.32329e+11	1.0949e+12	2.74112e+12	-8.46022e+11	-4.48607e+12	3.1658e+11
3.54e+10	-7.61853e+08	8.70197e+08	-1.02453e+11	-3.50479e+10	-1.4512e+11	4.09578e+10	2.23528e+11	-3.54854e+10	5.31546e+11	5.70137e+11	1.39717e+12	3.67103e+11	1.52013e+12	-2.42755e+12	-4.08499e+12	1.88719e+12
3.57e+10	6.07963e+08	1.23964e+09	1.06385e+11	2.26554e+10	1.48571e+11	-2.27395e+10	1.80448e+11	-1.37034e+11	-3.9068e+11	6.74623e+11	-1.90202e+11	-1.45275e+12	-4.40828e+11	-2.82497e+12	-3.15319e+12	3.21286e+12
3.6e+10	1.27156e+09	1.34156e+09	-1.06458e+11	-4.30292e+09	-1.48521e+11	6.70786e+09	9.34673e+10	-2.05692e+11	-7.59488e+11	-1.76545e+11	-1.25119e+12	7.18763e+11	-2.18497e+12	-1.83818e+12	-1.8121e+12	4.12175e+12
3.63e+10	-1.48018e+08	1.78744e+09	1.07334e+11	-7.61428e+09	1.49269e+11	1.29077e+10	-1.77274e+10	-2.24056e+11	-5.7646e+10	-7.78953e+11	1.18667e+12	8.13847e+11	-2.85467e+12	5.26199e+10	-2.35892e+11	4.49604e+12
3.66e+10	-7.53606e+08	1.89034e+09	-1.05703e+11	2.69853e+10	-1.47741e+11	-2.7764e+10	-1.23898e+11	-1.88329e+11	7.25815e+11	-2.87266e+11	2.92799e+11	-1.43565e+12	-2.11933e+12	1.91821e+12	1.37093e+12	4.28702e+12
3.69e+10	-1.88124e+08	5.50969e+08	1.00207e+11	-3.88894e+10	1.4246e+11	4.61727e+10	-1.99251e+11	-1.08137e+11	4.87816e+11	6.08404e+11	-1.425e+12	2.57057e+11	-3.4286e+11	2.84311e+12	2.79963e+12	3.52138e+12
3.72e+10	-8.74184e+07	3.41564e+08	-9.36731e+10	5.41221e+10	-1.36216e+11	-6.26856e+10	-2.27232e+11	-7.32293e+08	-4.40532e+11	6.43337e+11	8.38747e+11	1.16479e+12	1.60198e+12	2.37935e+12	3.86418e+12	2.29801e+12
3.75e+10	1.49258e+08	2.01842e+09	8.52287e+10	-6.42344e+10	1.28171e+11	7.96146e+10	-2.00693e+11	1.08853e+11	-7.45457e+11	-2.32412e+11	7.45241e+11	-1.25787e+12	2.76793e+12	7.58183e+11	4.42527e+12	7.75565e+11
3.78e+10	7.07735e+07	2.419e+09	-7.44972e+10	8.04881e+10	-1.17731e+11	-9.05413e+10	-1.26614e+11	1.91683e+11	-2.37845e+08	-7.80886e+11	-1.43507e+12	-2.3136e+11	2.59092e+12	-1.23037e+12	4.40881e+12	-8.47824e+11
3.81e+10	-1.06992e+09	1.57387e+09	6.17191e+10	-8.60618e+10	1.05281e+11	1.06873e+11	-2.34337e+10	2.28394e+11	7.44988e+11	-2.32625e+11	3.90737e+11	1.37957e+12	1.15599e+12	-2.62026e+12	3.816e+12	-2.36017e+12
3.84e+10	-8.42236e+08	1.46788e+09	-5.02939e+10	9.74571e+10	-9.38718e+10	-1.16329e+11	8.63309e+10	2.12058e+11	4.41151e+11	6.43664e+11	1.1135e+12	-9.41399e+11	-8.41606e+11	-2.73223e+12	2.72372e+12	-3.56339e+12
3.87e+10	8.70368e+08	1.41424e+09	3.62126e+10	-1.00418e+11	7.96704e+10	1.2861e+11	1.76941e+11	1.45885e+11	-4.86598e+11	6.097e+11	-1.28146e+12	-6.95696e+11	-2.4263e+12	-1.50599e+12	1.2746e+12	-4.29955e+12
3.9e+10	8.62353e+08	1.58547e+09	-1.94417e+10	1.07654e+11	-6.23112e+10	-1.34614e+11	2.24008e+11	4.55725e+10	-7.25731e+11	-2.86628e+11	-1.01831e+11	1.43026e+12	-2.81781e+12	4.61155e+11	-3.4154e+11	-4.47213e+12
3.93e+10	-2.65308e+08	2.514e+09	4.73935e+09	-1.05157e+11	4.66367e+10	1.44572e+11	2.16781e+11	-6.43994e+10	5.76564e+10	-7.78603e+11	1.35829e+12	-5.17846e+11	-1.82243e+12	2.20228e+12	-1.91297e+12	-4.05875e+12
3.96e+10	-2.80749e+08	2.02349e+09	1.02179e+10	1.09514e+11	-3.01248e+10	-1.45134e+11	1.58672e+11	-1.59759e+11	7.60528e+11	-1.77017e+11	-9.8508e+11	-1.0801e+12	6.85833e+10	2.86288e+12	-3.23415e+12	-3.11414e+12
3.99e+10	-7.87646e+07	4.90503e+08	-2.58157e+10	-1.04179e+11	1.23233e+10	1.49575e+11	6.26301e+10	-2.17239e+11	3.92348e+11	6.73836e+11	-5.84357e+11	1.31159e+12	1.92711e+12	2.12456e+12	-4.13286e+12	-1.76246e+12
4.02e+10	1.99724e+08	9.70115e+08	4.06372e+10	1.01111e+11	5.29642e+09	-1.49093e+11	-4.85368e+10	-2.20247e+11	-5.30724e+11	5.71293e+11	1.44753e+12	-3.75439e+10	2.84859e+12	3.52938e+11	-4.49271e+12	-1.80724e+11
4.05e+10	9.50827e+08	2.21481e+09	-5.34204e+10	-9.08614e+10	-2.18332e+10	1.50074e+11	-1.47394e+11	-1.69137e+11	-7.02044e+11	-3.39462e+11	-5.78002e+11	-1.34627e+12	2.38765e+12	-1.58949e+12	-4.26782e+12	1.4248e+12
4.08e+10	3.20211e+08	1.92483e+09	6.74052e+10	8.65363e+10	4.00927e+10	-1.42844e+11	-2.11929e+11	-7.82929e+10	1.15557e+11	-7.72238e+11	-9.96102e+11	1.03814e+12	7.67588e+11	-2.75901e+12	-3.48836e+12	2.84543e+12
4.11e+10	-9.57434e+08	1.40839e+09	-7.95053e+10	-7.24317e+10	-5.76498e+10	1.39877e+11	-2.26137e+11	3.16512e+10	7.70799e+11	-1.19977e+11	1.37193e+12	4.49067e+11	-1.22576e+12	-2.58255e+12	-2.25611e+12	3.89698e+12
4.14e+10	-1.42575e+08	1.07991e+09	8.81158e+10	6.32547e+10	7.21281e+10	-1.30476e+11	-1.84454e+11	1.34569e+11	3.40561e+11	7.01315e+11	-1.08057e+11	-1.46139e+12	-2.61788e+12	-1.14054e+12	-7.31228e+11	4.44328e+12
4.17e+10	9.88376e+08	5.56563e+08	-9.52986e+10	-4.79871e+10	-8.64947e+10	1.21989e+11	-9.85404e+10	2.05485e+11	-5.71486e+11	5.28971e+11	-1.29296e+12	6.43525e+11	-2.72262e+12	8.62393e+11	8.88508e+11	4.41342e+12
4.2e+10	2.60658e+08	1.32977e+09	1.02481e+11	3.59897e+10	1.01058e+11	-1.09834e+11	9.11779e+09	2.29093e+11	-6.74908e+11	-3.91942e+11	1.13585e+12	8.8203e+11	-1.48732e+12	2.44177e+12	2.39288e+12	3.81092e+12
4.23e+10	-4.76605e+08	2.37786e+09	-1.06602e+11	-1.68993e+10	-1.13918e+11	1.00069e+11	1.14734e+11	1.98984e+11	1.72532e+11	-7.6082e+11	3.74553e+11	-1.41655e+12	4.78502e+11	2.82372e+12	3.58623e+12	2.71336e+12
4.26e+10	-6.50203e+08	1.37465e+09	1.07173e+11	5.69459e+09	1.23175e+11	-8.32969e+10	1.93541e+11	1.20253e+11	7.77602e+11	-6.14197e+10	-1.43867e+12	1.74275e+11	2.21126e+12	1.82641e+12	4.3127e+12	1.26288e+12
4.29e+10	-8.47002e+08	4.92685e+08	-1.08117e+11	1.20631e+10	-1.33996e+11	6.90726e+10	2.26176e+11	1.34001e+10	2.85684e+11	7.24588e+11	7.67525e+11	1.21349e+12	2.86881e+12	-5.92689e+10	4.47669e+12	-3.52001e+11
4.32e+10	4.73494e+07	1.57674e+09	1.04651e+11	-2.47975e+10	1.40108e+11	-5.19621e+10	2.0569e+11	-9.45682e+10	-6.10817e+11	4.85029e+11	8.14874e+11	-1.21264e+12	2.13426e+12	-1.91548e+12	4.05574e+12	-1.9206e+12
4.35e+10	8.44553e+08	2.31142e+09	-9.87921e+10	4.37812e+10	-1.44684e+11	3.79852e+10	1.35844e+11	-1.79864e+11	-6.43007e+11	-4.40985e+11	-1.42092e+12	-3.14155e+11	3.63184e+11	-2.8402e+12	3.10398e+12	-3.23766e+12
4.38e+10	-3.28452e+08	2.13884e+09	9.24951e+10	-5.27743e+10	1.48284e+11	-1.7337e+10	3.1592e+10	-2.22155e+11	2.29583e+11	-7.45965e+11	3.07859e+11	1.40038e+12	-1.58413e+12	-2.37954e+12	1.74558e+12	-4.13035e+12
4.41e+10	-9.64596e+08	2.02608e+09	-8.482e+10	7.00078e+10	-1.50857e+11	2.83454e+09	-7.9821e+10	-2.10348e+11	7.80029e+11	-2.13891e+09	1.16552e+12	-8.75688e+11	-2.75465e+12	-7.52791e+11	1.58357e+11	-4.48144e+12
4.44e+10	3.2003e+08	1.18333e+09	7.37606e+10	-7.77619e+10	1.49314e+11	1.68514e+10	-1.70345e+11	-1.48001e+11	2.31129e+11	7.45035e+11	-1.24014e+12	-7.68208e+11	-2.57059e+12	1.24462e+12	-1.44962e+12	-4.24501e+12
4.47e+10	8.66171e+08	7.49448e+08	-6.03586e+10	8.96853e+10	-1.4517e+11	-3.33429e+10	-2.20509e+11	-4.93771e+10	-6.45074e+11	4.37432e+11	-1.86743e+11	1.42216e+12	-1.12166e+12	2.6305e+12	-2.86784e+12	-3.45253e+12
4.5e+10	3.4777e+08	2.09653e+09	4.83759e+10	-9.44134e+10	1.41527e+11	5.20264e+10	-2.18641e+11	6.30914e+10	-6.08686e+11	-4.88448e+11	1.38458e+12	-4.38525e+11	8.7866e+11	2.72626e+12	-3.91113e+12	-2.20842e+12
4.53e+10	1.14127e+08	2.49806e+09	-3.34709e+10	1.05127e+11	-1.34049e+11	-6.46327e+10	-1.64178e+11	1.60035e+11	2.84955e+11	-7.27019e+11	-9.22822e+11	-1.13507e+12	2.45061e+12	1.49073e+12	-4.44406e+12	-6.75846e+11
4.56e+10	-4.51725e+08	1.06504e+09	1.82223e+10	-1.05091e+11	1.25143e+11	8.25238e+10	-7.09215e+10	2.1776e+11	7.78736e+11	5.54014e+10	-6.61149e+11	1.27485e+12	2.83096e+12	-4.69659e+11	-4.39819e+12	9.44993e+11
4.59e+10	-4.65171e+08	7.41976e+08	-3.66667e+09	1.0869e+11	-1.1541e+11	-9.57401e+10	3.95349e+10	2.25148e+11	1.74679e+11	7.60018e+11	1.4464e+12	4.69016e+10	1.83743e+12	-2.20158e+12	-3.78056e+12	2.44326e+12
4.62e+10	9.27745e+08	1.4711e+09	-1.12889e+10	-1.05618e+11	1.04005e+11	1.09968e+11	1.41942e+11	1.80448e+11	-6.76232e+11	3.8855e+11	-5.00851e+11	-1.37649e+12	-4.82498e+10	-2.86276e+12	-2.67218e+12	3.6246e+12
4.65e+10	9.92764e+08	1.60849e+09	2.84279e+10	1.06065e+11	-8.84397e+10	-1.18959e+11	2.0959e+11	9.2648e+10	-5.70952e+11	-5.32394e+11	-1.05625e+12	9.78451e+11	-1.90963e+12	-2.12659e+12	-1.21723e+12	4.33612e+12
4.68e+10	-6.02344e+08	1.81572e+09	-4.26929e+10	-9.74187e+10	7.42777e+10	1.3135e+11	2.25942e+11	-1.66655e+10	3.37708e+11	-7.04517e+11	1.34128e+12	5.28613e+11	-2.83422e+12	-3.4784e+11	3.95523e+11	4.48564e+12
4.71e+10	-7.27211e+08	1.54299e+09	5.51034e+10	9.39851e+10	-5.97404e+10	-1.36513e+11	1.89624e+11	-1.22048e+11	7.72398e+11	1.12783e+11	-2.59745e+10	-1.46522e+12	-2.36441e+12	1.6023e+12	1.95697e+12	4.05351e+12
4.74e+10	1.31196e+08	3.33055e+08	-6.83788e+10	-8.28987e+10	4.26588e+10	1.43764e+11	1.08657e+11	-1.9866e+11	1.17887e+11	7.70555e+11	-1.32938e+12	5.66361e+11	-7.31018e+11	2.765e+12	3.26424e+12	3.09523e+12
4.77e+10	9.39825e+07	7.16874e+08	7.97602e+10	7.35973e+10	-2.52947e+10	-1.47274e+11	5.979e+08	-2.25815e+11	-7.0363e+11	3.37032e+11	1.08071e+12	9.47254e+11	1.26148e+12	2.57227e+12	4.14692e+12	1.73462e+12
4.8e+10	3.04456e+07	2.39763e+09	-8.92822e+10	-5.80004e+10	7.86233e+09	1.51786e+11	-1.0752e+11	-1.97015e+11	-5.30585e+11	-5.72761e+11	4.54288e+11	-1.39172e+12	2.63898e+12	1.12398e+12	4.48915e+12	1.48255e+11
4.83e+10	-2.95128e+08	2.24399e+09	9.67095e+10	4.96022e+10	9.34135e+09	-1.47593e+11	-1.89994e+11	-1.2199e+11	3.8838e+11	-6.77229e+11	-1.44746e+12	9.09947e+10	2.734e+12	-8.70424e+11	4.24522e+12	-1.45716e+12
4.86e+10	-1.16682e+09	1.24308e+09	-1.03961e+11	-3.13612e+10	-2.8448e+10	1.48341e+11	-2.27395e+11	-1.78491e+10	7.61152e+11	1.70001e+11	6.92717e+11	1.2569e+12	1.50244e+12	-2.44178e+12	3.44593e+12	-2.87168e+12
4.89e+10	-4.02534e+08	1.42565e+09	1.06013e+11	1.93956e+10	4.37274e+10	-1.42064e+11	-2.08988e+11	9.20257e+10	5.99173e+10	7.77789e+11	8.82105e+11	-1.16376e+12	-4.5868e+11	-2.8258e+12	2.19523e+12	-3.90983e+12
4.92e+10	1.15528e+09	1.66028e+09	-1.06698e+11	-4.81398e+08	-5.97459e+10	1.3834e+11	-1.39988e+11	1.8035e+11	-7.25755e+11	2.84137e+11	-1.40084e+12	-3.96459e+11	-2.19503e+12	-1.8308e+12	6.56718e+11	-4.43517e+12
4.95e+10	5.73484e+08	1.9115e+09	1.07696e+11	-1.09743e+10	7.6774e+10	-1.27403e+11	-3.96036e+10	2.26236e+11	-4.85691e+11	-6.10645e+11	2.23763e+11	1.41622e+12	-2.85481e+12	6.2129e+10	-9.67926e+11	-4.37882e+12
4.98e+10	-5.44963e+08	2.4654e+09	-1.04623e+11	3.09535e+10	-9.16917e+10	1.21178e+11	6.98487e+10	2.19248e+11	4.37747e+11	-6.45794e+11	1.21375e+12	-8.06088e+11	-2.11012e+12	1.92487e+12	-2.46577e+12	-3.74847e+12
5.01e+10	-1.69941e+08	1.54517e+09	9.88929e+10	-4.11332e+10	1.03948e+11	-1.06506e+11	1.64042e+11	1.59438e+11	7.46725e+11	2.26609e+11	-1.19531e+12	-8.37886e+11	-3.26571e+11	2.84114e+12	-3.64098e+12	-2.62738e+12
5.04e+10	2.29877e+08	3.20835e+08	-9.15574e+10	5.71121e+10	-1.16147e+11	9.45247e+10	2.19298e+11	6.18747e+10	1.45146e+09	7.78828e+11	-2.72699e+11	1.40899e+12	1.61816e+12	2.36422e+12	-4.34062e+12	-1.16283e+12
5.07e+10	4.18207e+08	1.33996e+09	8.33038e+10	-6.76409e+10	1.26743e+11	-7.95316e+10	2.22142e+11	-4.81392e+10	-7.45462e+11	2.28187e+11	1.40627e+12	-3.5793e+11	2.77356e+12	7.33378e+11	-4.47448e+12	4.53558e+11
5.1e+10	7.58054e+08	2.41588e+09	-7.12373e+10	8.28675e+10	-1.34434e+11	6.69051e+10	1.72148e+11	-1.46248e+11	-4.38013e+11	-6.45013e+11	-8.57221e+11	-1.18709e+12	2.58114e+12	-1.25396e+12	-4.02629e+12	2.01121e+12
5.13e+10	-1.4587e+08	1.68642e+09	5.97767e+10	-8.79417e+10	1.41464e+11	-4.75754e+10	7.97521e+10	-2.10385e+11	4.85527e+11	-6.11519e+11	-7.36224e+11	1.23371e+12	1.1367e+12	-2.63227e+12	-3.05528e+12	3.30795e+12
5.16e+10	-9.80125e+08	1.10766e+09	-4.73008e+10	9.86507e+10	-1.47529e+11	3.23448e+10	-3.17933e+10	-2.2331e+11	7.26742e+11	2.82003e+11	1.44063e+12	1.31348e+11	-8.59542e+11	-2.73047e+12	-1.688e+12	4.17591e+12
5.19e+10	2.86867e+08	1.00329e+09	3.23298e+10	-1.01918e+11	1.49406e+11	-1.39386e+10	-1.3387e+11	-1.81597e+11	-5.76751e+10	7.77259e+11	-4.22683e+11	-1.4028e+12	-2.4355e+12	-1.49571e+12	-1.01935e+11	4.50284e+12
5.22e+10	1.09003e+09	8.46503e+08	-1.57754e+10	1.07514e+11	-1.48774e+11	-2.89228e+09	-2.04036e+11	-9.59657e+10	-7.60265e+11	1.70713e+11	-1.11355e+12	9.15274e+11	-2.8164e+12	4.72464e+11	1.49734e+12	4.24622e+12
5.25e+10	-7.28903e+07	1.71007e+09	1.45326e+09	-1.06062e+11	1.48363e+11	2.18873e+10	-2.26895e+11	1.3982e+10	-3.8904e+11	-6.77043e+11	1.30684e+12	6.05916e+11	-1.81136e+12	2.20865e+12	2.9023e+12	3.43888e+12
5.28e+10	-7.27256e+08	2.23832e+09	1.32512e+10	1.09325e+11	-1.45672e+11	-3.6272e+10	-1.94929e+11	1.20664e+11	5.29682e+11	-5.7315e+11	5.68032e+10	-1.46463e+12	8.50891e+10	2.85889e+12	3.93006e+12	2.18487e+12
5.31e+10	-5.96677e+08	9.24979e+08	-2.97133e+10	-1.02849e+11	1.38989e+11	5.51331e+10	-1.15886e+11	1.97367e+11	7.03917e+11	3.35993e+11	-1.36124e+12	4.88306e+11	1.94052e+12	2.10751e+12	4.44612e+12	6.46689e+11
5.34e+10	-5.30584e+08	5.22165e+08	4.31453e+10	9.92919e+10	-1.32614e+11	-7.06392e+10	-9.56835e+09	2.28268e+11	-1.16503e+11	7.70802e+11	1.02224e+12	1.0097e+12	2.84962e+12	3.27663e+11	4.38209e+12	-9.75574e+11
5.37e+10	2.88101e+08	1.98824e+09	-5.70806e+10	-8.92728e+10	1.23328e+11	8.72411e+10	9.96595e+10	2.07102e+11	-7.72038e+11	1.14094e+11	5.31721e+11	-1.36277e+12	2.37399e+12	-1.6111e+12	3.74521e+12	-2.46997e+12
5.4e+10	5.69643e+08	2.48805e+09	7.0372e+10	8.48804e+10	-1.11409e+11	-9.74446e+10	1.8484e+11	1.36308e+11	-3.37556e+11	-7.03701e+11	-1.45172e+12	7.3344e+09	7.46576e+11	-2.7677e+12	2.61784e+12	-3.64066e+12
5.43e+10	-7.26124e+08	1.98376e+09	-8.16274e+10	-6.92795e+10	9.8992e+10	1.13569e+11	2.24642e+11	3.27959e+10	5.71159e+11	-5.32331e+11	6.16377e+11	1.29519e+12	-1.24297e+12	-2.57847e+12	1.14726e+12	-4.33385e+12
5.46e+10	-7.7784e+08	1.73675e+09	8.94507e+10	6.10285e+10	-8.65138e+10	-1.21488e+11	2.11958e+11	-7.78135e+10	6.77298e+11	3.88039e+11	9.46617e+11	-1.11141e+12	-2.62509e+12	-1.1304e+12	-4.73825e+11	-4.45844e+12
5.49e+10	7.81327e+08	1.08834e+09	-9.70208e+10	-4.43243e+10	7.16531e+10	1.32854e+11	1.49959e+11	-1.69718e+11	-1.72767e+11	7.60642e+11	-1.37595e+12	-4.76924e+11	-2.7196e+12	8.72171e+11	-2.0328e+12	-3.99826e+12
5.52e+10	9.3804e+08	1.09773e+09	1.04223e+11	3.24396e+10	-5.38815e+10	-1.38681e+11	5.06597e+10	-2.19964e+11	-7.77897e+11	5.63952e+10	1.39281e+11	1.42678e+12	-1.47616e+12	2.44598e+12	-3.32559e+12	-3.01417e+12
5.55e+10	1.06452e+08	2.37489e+09	-1.0658e+11	-1.34609e+10	3.82278e+10	1.4703e+11	-6.15278e+10	-2.15609e+11	-2.84591e+11	-7.27129e+11	1.25683e+12	-7.34107e+11	4.94071e+11	2.81734e+12	-4.18358e+12	-1.63574e+12
5.58e+10	-1.19393e+08	2.15956e+09	1.07784e+11	2.9827e+09	-2.10174e+10	-1.4653e+11	-1.58261e+11	-1.60196e+11	6.09101e+11	-4.89123e+11	-1.14639e+12	-9.05112e+11	2.22276e+12	1.80763e+12	-4.49573e+12	-4.36055e+10
5.61e+10	-4.22681e+08	6.19992e+08	-1.07255e+11	1.56651e+10	2.84984e+09	1.5018e+11	-2.17012e+11	-6.69164e+10	6.46715e+11	4.3644e+11	-3.56534e+11	1.38979e+12	2.86719e+12	-8.43114e+10	-4.22258e+12	1.55446e+12
5.64e+10	-1.05741e+08	8.10903e+08	1.03588e+11	-2.89451e+10	1.40491e+10	-1.48658e+11	-2.23153e+11	4.42549e+10	-2.291e+11	7.45351e+11	1.42363e+12	-2.7556e+11	2.11837e+12	-1.9352e+12	-3.40079e+12	2.95082e+12
5.67e+10	1.06472e+09	1.78373e+09	-9.71707e+10	4.64689e+10	-3.07049e+10	1.47983e+11	-1.75087e+11	1.45861e+11	-7.79783e+11	-1.2731e+09	-7.8779e+11	-1.2342e+12	3.41846e+11	-2.8462e+12	-2.13782e+12	3.96464e+12
5.7e+10	5.50743e+08	1.75713e+09	9.15457e+10	-5.61393e+10	4.89896e+10	-1.40337e+11	-8.67841e+10	2.12165e+11	-2.29971e+11	-7.46259e+11	-8.08515e+11	1.18838e+12	-1.60043e+12	-2.37276e+12	-5.97778e+11	4.46486e+12
5.73e+10	-9.53456e+08	1.67674e+09	-8.25557e+10	7.2344e+10	-6.59918e+10	1.36442e+11	2.13355e+10	2.28519e+11	6.4301e+11	-4.42601e+11	1.42878e+12	2.16271e+11	-2.76028e+12	-7.40436e+11	1.01971e+12	4.38673e+12
5.76e+10	-5.03515e+08	1.20939e+09	7.03372e+10	-8.00783e+10	7.95797e+10	-1.2573e+11	1.26053e+11	1.90728e+11	6.1213e+11	4.83316e+11	-3.43216e+11	-1.42462e+12	-2.56527e+12	1.25523e+12	2.50498e+12	3.74005e+12
5.79e+10	4.64517e+08	3.26309e+08	-5.78369e+10	9.12049e+10	-9.42734e+10	1.16214e+11	2.01292e+11	1.07625e+11	-2.83973e+11	7.25272e+11	-1.16722e+12	8.47496e+11	-1.10803e+12	2.63376e+12	3.66498e+12	2.60801e+12
5.82e+10	1.16694e+08	1.19635e+09	4.49908e+10	-9.68245e+10	1.07449e+11	-1.03644e+11	2.27465e+11	7.08064e+08	-7.77968e+11	-6.00407e+10	1.26795e+12	6.81483e+11	8.94332e+11	2.71766e+12	4.34826e+12	1.13702e+12
5.85e+10	-2.1094e+08	2.61296e+09	-3.04522e+10	1.06281e+11	-1.19418e+11	9.32227e+10	1.9944e+11	-1.05494e+11	-1.7406e+11	-7.6042e+11	1.40736e+11	-1.45883e+12	2.45931e+12	1.47022e+12	4.46471e+12	-4.8189e+11
5.88e+10	-5.76319e+08	1.89538e+09	1.46595e+10	-1.04814e+11	1.28133e+11	-7.51034e+10	1.23499e+11	-1.87873e+11	6.74239e+11	-3.927e+11	-1.38833e+12	4.08558e+11	2.82534e+12	-4.94093e+11	3.99799e+12	-2.03756e+12
5.91e+10	-1.05503e+09	9.68746e+08	-7.6577e+08	1.08967e+11	-1.38148e+11	6.13278e+10	1.76402e+10	-2.24805e+11	5.73123e+11	5.27922e+11	9.60036e+11	1.06935e+12	1.81868e+12	-2.21818e+12	3.00803e+12	-3.32624e+12
5.94e+10	6.81503e+07	1.56048e+09	-1.5593e+10	-1.05077e+11	1.43092e+11	-4.33718e+10	-9.11942e+10	-2.05775e+11	-3.38246e+11	7.02615e+11	6.08035e+11	-1.32974e+12	-7.02998e+10	-2.86532e+12	1.62379e+12	-4.1787e+12
5.97e+10	1.23253e+09	1.968e+09	3.20309e+10	1.05478e+11	-1.46215e+11	2.87379e+10	-1.77916e+11	-1.36942e+11	-7.701e+11	-1.18014e+11	-1.45117e+12	-7.72134e+10	-1.92425e+12	-2.11845e+12	2.65148e+10	-4.48279e+12
6e+10	1.61377e+08	2.09811e+09	-4.5115e+10	-9.57153e+10	1.49655e+11	-8.31838e+09	-2.23784e+11	-3.49421e+10	-1.15792e+11	-7.71779e+11	5.38142e+11	1.32945e+12	-2.83786e+12	-3.36617e+11	-1.57428e+12	-4.19868e+12
6.03e+10	-7.01899e+08	2.23938e+09	5.81017e+10	9.28134e+10	-1.50394e+11	-6.04736e+09	-2.15698e+11	7.59895e+10	7.01934e+11	-3.40467e+11	1.00882e+12	-1.05504e+12	-2.35858e+12	1.6104e+12	-2.96878e+12	-3.364e+12
6.06e+10	1.1254e+08	1.11193e+09	-7.10626e+10	-7.98473e+10	1.47857e+11	2.58028e+10	-1.5461e+11	1.68103e+11	5.32543e+11	5.70057e+11	-1.3473e+12	-5.55184e+11	-7.18362e+11	2.76537e+12	-3.97477e+12	-2.08882e+12
6.09e+10	5.31194e+08	3.73454e+08	8.25301e+10	7.0625e+10	-1.43197e+11	-4.25115e+10	-5.71219e+10	2.20827e+11	-3.90091e+11	6.74214e+11	5.35929e+10	1.43317e+12	1.27575e+12	2.56101e+12	-4.4616e+12	-5.40536e+11
6.12e+10	4.64111e+08	1.76342e+09	-9.07657e+10	-5.57057e+10	1.38319e+11	6.02019e+10	5.35578e+10	2.23433e+11	-7.59883e+11	-1.76132e+11	1.29556e+12	-6.60464e+11	2.64531e+12	1.10191e+12	-4.36702e+12	1.07846e+12
6.15e+10	4.39281e+08	2.43773e+09	9.89353e+10	4.66302e+10	-1.29433e+11	-7.27115e+10	1.5176e+11	1.72772e+11	-5.7439e+10	-7.78454e+11	-1.0941e+12	-9.69803e+11	2.72557e+12	-8.9469e+11	-3.70457e+12	2.55749e+12
6.18e+10	-5.00406e+08	1.31083e+09	-1.04298e+11	-2.7958e+10	1.19878e+11	9.02732e+10	2.13099e+11	7.99598e+10	7.25969e+11	-2.87762e+11	-4.38685e+11	1.36632e+12	1.48206e+12	-2.45645e+12	-2.56131e+12	3.70485e+12
6.21e+10	-7.99163e+08	8.83432e+08	1.06145e+11	1.54086e+10	-1.097e+11	-1.02396e+11	2.2427e+11	-3.08722e+10	4.87952e+11	6.0827e+11	1.43641e+12	-1.9247e+11	-4.80419e+11	-2.82557e+12	-1.08603e+12	4.37221e+12
6.24e+10	6.93533e+08	1.10967e+09	-1.07169e+11	2.44992e+09	9.69402e+10	1.15689e+11	1.83441e+11	-1.33417e+11	-4.39831e+11	6.43779e+11	-7.16785e+11	-1.27678e+12	-2.20861e+12	-1.81999e+12	5.29933e+11	4.47339e+12
6.27e+10	9.79259e+08	1.19814e+09	1.07626e+11	-1.51425e+10	-8.09966e+10	-1.24569e+11	9.75532e+10	-2.03875e+11	-7.44842e+11	-2.3247e+11	-8.77802e+11	1.13956e+12	-2.85671e+12	7.49073e+10	2.07722e+12	3.99511e+12
6.3e+10	-4.843e+08	1.93118e+09	-1.03578e+11	3.3774e+10	6.63292e+10	1.35789e+11	-1.32665e+10	-2.24242e+11	-3.81851e+07	-7.81278e+11	1.41191e+12	2.99414e+11	-2.10211e+12	1.93312e+12	3.35502e+12	2.99883e+12
6.33e+10	-8.38428e+08	1.93834e+09	9.67856e+10	-4.39309e+10	-5.14032e+10	-1.39435e+11	-1.19901e+11	-1.9082e+11	7.45139e+11	-2.33112e+11	-2.62759e+11	-1.44175e+12	-3.12833e+11	2.84011e+12	4.19684e+12	1.61311e+12
6.36e+10	-3.76219e+08	5.70593e+08	-9.02666e+10	6.03137e+10	3.33131e+10	1.46324e+11	-1.97067e+11	-1.12223e+11	4.41512e+11	6.4287e+11	-1.21571e+12	7.77882e+11	1.63076e+12	2.3509e+12	4.49215e+12	1.76329e+10
6.39e+10	-2.22751e+08	7.63992e+08	8.03839e+10	-7.08699e+10	-1.66303e+10	-1.48483e+11	-2.27215e+11	-5.00177e+09	-4.86926e+11	6.09466e+11	1.22449e+12	7.55116e+11	2.77625e+12	7.1037e+11	4.20122e+12	-1.57987e+12
6.42e+10	3.44291e+08	2.40506e+09	-6.89984e+10	8.51535e+10	-9.61489e+08	1.51997e+11	-2.02556e+11	1.05105e+11	-7.26131e+11	-2.86345e+11	2.22997e+11	-1.44723e+12	2.5687e+12	-1.27638e+12	3.36087e+12	-2.97044e+12
6.45e+10	1.92375e+08	2.48014e+09	5.71773e+10	-8.90445e+10	1.88579e+10	-1.46498e+11	-1.30217e+11	1.89133e+11	5.74767e+10	-7.78606e+11	-1.41076e+12	3.27751e+11	1.11377e+12	-2.64328e+12	2.08024e+12	-3.97155e+12
6.48e+10	-9.69182e+08	1.70557e+09	-4.40947e+10	1.00701e+11	-3.71786e+10	1.46875e+11	-2.78297e+10	2.2802e+11	7.60247e+11	-1.77025e+11	8.93493e+11	1.12405e+12	-8.81244e+11	-2.72698e+12	5.26741e+11	-4.4515e+12
6.51e+10	-4.06788e+08	1.52545e+09	2.82806e+10	-1.02382e+11	5.23129e+10	-1.3903e+11	8.25858e+10	2.13817e+11	3.92836e+11	6.7433e+11	6.82107e+11	-1.29284e+12	-2.44699e+12	-1.48377e+12	-1.09593e+12	-4.34716e+12
6.54e+10	1.17397e+09	1.17841e+09	-1.22168e+10	1.08341e+11	-6.79602e+10	1.33901e+11	1.74356e+11	1.49184e+11	-5.29777e+11	5.71614e+11	-1.44461e+12	-1.61979e+11	-2.81674e+12	4.84396e+11	-2.57489e+12	-3.67246e+12
6.57e+10	8.08922e+08	1.47993e+09	-1.15569e+09	-1.0629e+11	8.4686e+10	-1.22971e+11	2.2309e+11	4.99991e+10	-7.02158e+11	-3.39816e+11	4.57955e+11	1.35874e+12	-1.80355e+12	2.21471e+12	-3.71662e+12	-2.51645e+12
6.6e+10	-1.93805e+08	2.45899e+09	1.72439e+10	1.09042e+11	-9.84298e+10	1.15402e+11	2.18268e+11	-5.99835e+10	1.15141e+11	-7.72014e+11	1.06737e+12	-9.94221e+11	9.73828e+10	2.8557e+12	-4.37241e+12	-1.03114e+12
6.63e+10	-2.16535e+08	1.68447e+09	-3.26653e+10	-1.011e+11	1.10236e+11	-9.98488e+10	1.62145e+11	-1.56772e+11	7.71426e+11	-1.20237e+11	-1.31437e+12	-6.31461e+11	1.95087e+12	2.09281e+12	-4.45779e+12	5.88965e+11
6.66e+10	-2.35919e+08	3.08549e+08	4.66081e+10	9.7615e+10	-1.22147e+11	8.7264e+10	6.70732e+10	-2.16075e+11	3.40933e+11	7.00607e+11	-3.33008e+10	1.43409e+12	2.84923e+12	3.04591e+11	-3.96294e+12	2.13267e+12
6.69e+10	2.14282e+08	1.06847e+09	-6.00669e+10	-8.8288e+10	1.31183e+11	-7.19859e+10	-4.3805e+10	-2.21132e+11	-5.71677e+11	5.29844e+11	1.3303e+12	-5.84413e+11	2.35904e+12	-1.63224e+12	-2.95335e+12	3.39965e+12
6.72e+10	9.88912e+08	2.08162e+09	7.34207e+10	8.21644e+10	-1.37893e+11	5.82414e+10	-1.4367e+11	-1.7233e+11	-6.74268e+11	-3.91058e+11	-1.03742e+12	-1.03181e+12	7.23035e+11	-2.77599e+12	-1.5608e+12	4.22604e+12
6.75e+10	3.67482e+07	1.73531e+09	-8.31286e+10	-6.68611e+10	1.44351e+11	-3.88404e+10	-2.10428e+11	-8.28713e+10	1.72899e+11	-7.61506e+11	-5.19716e+11	1.33821e+12	-1.2637e+12	-2.57213e+12	3.3971e+10	4.5052e+12
6.78e+10	-1.12278e+09	1.43252e+09	9.09867e+10	5.7756e+10	-1.49327e+11	2.37142e+10	-2.26795e+11	2.70302e+10	7.77294e+11	-6.1929e+10	1.44447e+12	-1.07892e+11	-2.63478e+12	-1.11636e+12	1.62432e+12	4.201e+12
6.81e+10	-1.25912e+08	9.83517e+08	-9.93522e+10	-4.12249e+10	1.49606e+11	-4.87297e+09	-1.87034e+11	1.30686e+11	2.86862e+11	7.24735e+11	-6.44121e+11	-1.31554e+12	-2.71724e+12	8.85158e+11	3.00411e+12	3.35249e+12
6.84e+10	7.10625e+08	5.24119e+08	1.04966e+11	2.8497e+10	-1.4868e+11	-1.2302e+10	-1.02867e+11	2.03384e+11	-6.09847e+11	4.844e+11	-9.45374e+11	1.0863e+12	-1.46547e+12	2.45203e+12	3.99389e+12	2.06902e+12
6.87e+10	-3.52352e+07	1.67309e+09	-1.07184e+11	-1.06978e+10	1.46873e+11	3.08515e+10	4.30629e+09	2.29552e+11	-6.43779e+11	-4.41287e+11	1.39087e+12	3.81109e+11	5.07489e+11	2.81246e+12	4.46416e+12	5.16695e+11
6.9e+10	-4.88525e+08	2.61627e+09	1.07393e+11	-4.95153e+07	-1.42856e+11	-4.4627e+10	1.10812e+11	2.01502e+11	2.29273e+11	-7.45663e+11	-1.8059e+11	-1.45486e+12	2.23153e+12	1.79116e+12	4.35241e+12	-1.10271e+12
6.93e+10	-6.98748e+08	1.44855e+09	-1.0699e+11	1.99327e+10	1.35303e+11	6.40633e+10	1.91117e+11	1.24238e+11	7.80228e+11	-2.9086e+09	-1.26001e+12	7.05904e+11	2.86349e+12	-1.06893e+11	3.67198e+12	-2.57775e+12
6.96e+10	-7.77701e+08	8.40641e+08	1.01902e+11	-3.22462e+10	-1.2832e+11	-7.82045e+10	2.26016e+11	1.83714e+10	2.30914e+11	7.44525e+11	1.17766e+12	8.26246e+11	2.10024e+12	-1.95299e+12	2.51084e+12	-3.715e+12
6.99e+10	4.62164e+08	1.84996e+09	-9.6271e+10	4.96848e+10	1.18053e+11	9.44429e+10	2.08126e+11	-9.00392e+10	-6.45207e+11	4.38245e+11	3.0434e+11	-1.43156e+12	3.17135e+11	-2.85053e+12	1.02054e+12	-4.36488e+12
7.02e+10	1.09057e+09	2.23817e+09	9.01592e+10	-5.85719e+10	-1.0464e+11	-1.04296e+11	1.39927e+11	-1.77101e+11	-6.08344e+11	-4.87956e+11	-1.42881e+12	2.45652e+11	-1.61959e+12	-2.36372e+12	-6.03714e+11	-4.44173e+12
7.05e+10	-2.76126e+08	2.10248e+09	-7.95379e+10	7.53774e+10	9.24289e+10	1.19553e+11	3.64003e+10	-2.21491e+11	2.84816e+11	-7.27097e+11	8.24813e+11	1.17446e+12	-2.76762e+12	-7.26256e+11	-2.14882e+12	-3.93559e+12
7.08e+10	-6.7108e+08	1.9104e+09	6.74941e+10	-8.16342e+10	-7.88056e+10	-1.2628e+11	-7.49876e+10	-2.12076e+11	7.7877e+11	5.55624e+10	7.54327e+11	-1.25184e+12	-2.56196e+12	1.2662e+12	-3.41228e+12	-2.91329e+12
7.11e+10	5.07748e+08	8.17276e+08	-5.48082e+10	9.35428e+10	6.32022e+10	1.36653e+11	-1.66944e+11	-1.51891e+11	1.75547e+11	7.60007e+11	-1.43361e+12	-2.45374e+11	-1.09801e+12	2.63697e+12	-4.22918e+12	-1.50944e+12
7.14e+10	7.29392e+08	6.22092e+08	4.24028e+10	-9.88025e+10	-4.55574e+10	-1.42211e+11	-2.19478e+11	-5.40859e+10	-6.75885e+11	3.88463e+11	3.76123e+11	1.38331e+12	9.06348e+11	2.71067e+12	-4.49371e+12	9.18315e+10
7.17e+10	3.31784e+08	2.13364e+09	-2.65252e+10	1.0673e+11	2.95469e+10	1.48846e+11	-2.19777e+11	5.86168e+10	-5.71009e+11	-5.32367e+11	1.12122e+12	-9.30749e+11	2.46572e+12	1.4524e+12	-4.17273e+12	1.68141e+12
7.2e+10	9.00407e+07	2.25041e+09	1.18563e+10	-1.04896e+11	-1.17927e+10	-1.47431e+11	-1.67289e+11	1.56407e+11	3.37747e+11	-7.04498e+11	-1.27723e+12	-7.06036e+11	2.81881e+12	-5.16839e+11	-3.30925e+12	3.05267e+12
7.23e+10	-6.77827e+08	8.84058e+08	3.1229e+09	1.08816e+11	-6.54413e+09	1.50374e+11	-7.54384e+10	2.16099e+11	7.72502e+11	1.12515e+11	-1.18967e+11	1.42901e+12	1.79874e+12	-2.23435e+12	-2.0164e+12	4.0281e+12
7.26e+10	-4.73742e+08	8.14486e+08	-1.95847e+10	-1.05262e+11	2.26912e+10	-1.47523e+11	3.50807e+10	2.25969e+11	1.18211e+11	7.70854e+11	1.36092e+12	-5.06407e+11	-9.48554e+10	-2.8667e+12	-4.62232e+11	4.48179e+12
7.29e+10	9.75232e+08	1.36655e+09	3.51176e+10	1.03829e+11	-3.96621e+10	1.45365e+11	1.38417e+11	1.83149e+11	-7.029e+11	3.37529e+11	-9.7661e+11	-1.08943e+12	-1.94207e+12	-2.10714e+12	1.15179e+12	4.35528e+12
7.32e+10	6.6617e+08	1.51021e+09	-4.77496e+10	-9.47932e+10	5.7603e+10	-1.37382e+11	2.0745e+11	9.67553e+10	-5.30219e+11	-5.73136e+11	-5.98343e+11	1.3056e+12	-2.843e+12	-3.21314e+11	2.61659e+12	3.66474e+12
7.35e+10	-8.73839e+08	1.96333e+09	6.08283e+10	9.05926e+10	-7.4027e+10	1.32514e+11	2.26086e+11	-1.18774e+10	3.88353e+11	-6.77588e+11	1.44649e+12	-2.24644e+10	-2.35281e+12	1.62154e+12	3.74199e+12	2.49914e+12
7.38e+10	-7.59085e+08	1.56221e+09	-7.45052e+10	-7.70598e+10	8.68444e+10	-1.20284e+11	1.9219e+11	-1.18074e+11	7.61717e+11	1.69458e+11	-5.69218e+11	-1.34989e+12	-7.06597e+11	2.76751e+12	4.38114e+12	1.00904e+12
7.41e+10	-5.45133e+07	3.94856e+08	8.41707e+10	6.79559e+10	-1.01689e+11	1.10309e+11	1.12662e+11	-1.96312e+11	6.03997e+10	7.76952e+11	-1.00917e+12	1.02837e+12	1.28752e+12	2.55167e+12	4.44974e+12	-6.12168e+11
7.44e+10	-1.51548e+07	1.17127e+09	-9.30497e+10	-5.33116e+10	1.13445e+11	-9.69661e+10	5.30689e+09	-2.25315e+11	-7.2655e+11	2.84121e+11	1.36496e+12	4.62269e+11	2.64944e+12	1.08262e+12	3.93752e+12	-2.1532e+12
7.47e+10	2.23466e+08	2.72557e+09	1.00098e+11	4.3694e+10	-1.24295e+11	8.59281e+10	-1.03063e+11	-1.98895e+11	-4.86212e+11	-6.09912e+11	-9.68804e+10	-1.46236e+12	2.71543e+12	-9.16192e+11	2.91024e+12	-3.41227e+12
7.5e+10	-1.8747e+08	2.27203e+09	-1.04877e+11	-2.36066e+10	1.32932e+11	-6.67745e+10	-1.87184e+11	-1.25892e+11	4.37835e+11	-6.46127e+11	-1.29994e+12	6.31501e+11	1.45937e+12	-2.46907e+12	1.50163e+12	-4.22391e+12
7.53e+10	-1.00618e+09	1.39255e+09	1.06357e+11	1.24309e+10	-1.41542e+11	5.33111e+10	-2.26709e+11	-2.23764e+10	7.46317e+11	2.26126e+11	1.12573e+12	8.95183e+11	-5.05203e+11	-2.823e+12	-1.03922e+11	-4.48112e+12
7.56e+10	7.23789e+07	1.46215e+09	-1.07693e+11	6.30697e+09	1.45545e+11	-3.46977e+10	-2.10242e+11	8.77724e+10	2.03548e+09	7.79818e+11	3.8486e+11	-1.41177e+12	-2.22432e+12	-1.8061e+12	-1.69589e+12	-4.15001e+12
7.59e+10	1.40523e+09	1.41073e+09	1.07475e+11	-1.83769e+10	-1.47426e+11	1.91765e+10	-1.43256e+11	1.77185e+11	-7.44397e+11	2.28553e+11	-1.44202e+12	1.61396e+11	-2.86001e+12	9.01254e+10	-3.06546e+12	-3.27433e+12
7.62e+10	5.02087e+08	1.79384e+09	-1.01513e+11	3.69558e+10	1.50327e+11	4.92897e+08	-4.41105e+10	2.25246e+11	-4.38456e+11	-6.45416e+11	7.5342e+11	1.22105e+12	-2.09621e+12	1.94217e+12	-4.03353e+12	-1.96945e+12
7.65e+10	-4.54791e+08	2.33535e+09	9.56423e+10	-4.66616e+10	-1.49394e+11	-1.50355e+10	6.56306e+10	2.20486e+11	4.84995e+11	-6.11214e+11	8.25062e+11	-1.20625e+12	-3.02689e+11	2.84021e+12	-4.47425e+12	-4.06815e+11
7.68e+10	-1.38029e+08	1.1704e+09	-8.80493e+10	6.37824e+10	1.45802e+11	3.48164e+10	1.6092e+11	1.62345e+11	7.27672e+11	2.81658e+11	-1.41819e+12	-3.273e+11	1.63988e+12	2.34058e+12	-4.33133e+12	1.20918e+12
7.71e+10	3.65646e+07	2.00911e+08	7.82862e+10	-7.3996e+10	-1.40845e+11	-5.13285e+10	2.1789e+11	6.61878e+10	-5.71868e+10	7.76591e+11	2.92494e+11	1.40417e+12	2.77709e+12	6.90865e+11	-3.6247e+12	2.66806e+12
7.74e+10	4.0515e+08	1.45528e+09	-6.62149e+10	8.64023e+10	1.34418e+11	6.81828e+10	2.23179e+11	-4.34676e+10	-7.60543e+11	1.71475e+11	1.17153e+12	-8.64396e+11	2.55588e+12	-1.29695e+12	-2.44735e+12	3.78074e+12
7.77e+10	7.256e+08	2.26796e+09	5.4711e+10	-9.10538e+10	-1.24371e+11	-8.06112e+10	1.75235e+11	-1.42828e+11	-3.88491e+11	-6.76466e+11	-1.23623e+12	-7.7859e+11	1.08981e+12	-2.65335e+12	-9.527e+11	4.4035e+12
